1 46 101 80 151 40 116 145 42 86 126 37 111 92 25 136 0 104 
1 43 105 75 147 40 108 144 40 79 122 35 102 93 23 130 0 106 
3 43 103 76 145 41 108 141 42 81 119 36 103 90 24 131 0 107 
1 44 104 75 147 40 107 143 41 81 122 36 102 91 24 130 0 106 
7 25 112 60 130 38 90 130 35 64 102 34 85 79 23 116 0 121 
13 17 115 57 120 38 84 121 33 60 94 36 77 68 26 113 0 131 
10 20 114 57 125 37 86 122 33 62 97 34 81 72 23 115 0 130 
12 20 114 55 123 38 84 123 33 61 97 35 80 69 25 113 0 129 
13 20 113 56 122 38 85 122 34 63 97 37 79 70 25 113 0 129 
12 20 115 55 124 38 84 123 34 62 97 37 78 71 24 112 0 130 
11 20 115 56 124 38 84 124 34 60 95 35 79 72 24 112 0 129 
11 20 114 56 125 38 84 124 34 61 97 36 80 72 24 113 0 128 
11 18 115 55 123 38 83 123 34 60 97 34 78 71 23 111 0 129 
12 19 115 56 125 39 83 123 34 64 100 38 78 72 26 112 0 128 
11 18 117 54 123 39 80 122 34 60 96 37 77 71 24 110 0 129 
10 20 115 54 124 38 82 124 33 61 100 35 77 74 22 113 0 129 
11 20 114 56 123 37 84 123 34 63 99 38 77 71 25 112 0 129 
10 19 116 54 125 39 80 123 34 59 95 37 77 71 25 112 0 129 
11 20 115 55 126 39 83 124 35 61 99 38 78 73 24 112 0 128 
9 20 114 54 125 37 82 124 33 59 98 35 76 72 23 112 0 129 
11 20 117 55 123 37 83 123 33 61 98 38 76 72 25 111 0 130 
10 20 115 54 126 38 83 125 33 60 99 36 78 73 24 111 0 127 
10 18 117 53 124 38 80 123 34 61 98 38 77 72 25 110 0 129 
11 19 115 54 123 38 83 123 35 58 95 36 76 73 25 110 0 130 
10 17 116 53 122 38 81 122 33 58 96 37 77 73 24 111 0 128 
10 19 116 55 125 38 83 124 34 60 98 37 78 72 25 111 0 130 
11 19 115 54 123 38 83 123 33 60 96 35 78 73 23 111 0 129 
12 16 118 53 121 38 81 122 35 58 93 37 75 70 26 110 0 131 
11 19 116 53 123 38 83 122 33 60 95 36 77 71 23 111 0 130 
11 19 116 54 122 39 81 124 34 60 99 38 77 74 24 111 0 129 
10 19 116 53 123 38 82 123 34 57 98 37 77 73 25 109 0 130 
11 18 116 55 122 39 82 122 34 58 93 35 76 71 25 110 0 130 
11 17 117 51 121 39 80 122 35 58 95 38 75 72 25 110 0 131 
11 18 117 53 123 38 82 124 34 60 99 38 75 72 24 110 0 130 
12 18 116 54 124 39 82 122 35 57 93 36 76 71 25 111 0 130 
11 19 117 53 122 39 81 123 35 57 96 37 74 71 24 108 0 130 
10 19 118 53 124 39 81 123 34 61 100 40 75 73 25 110 0 129 
11 18 118 51 123 40 80 123 35 56 94 36 75 73 25 109 0 129 
11 17 119 51 123 38 79 123 34 55 95 38 74 73 25 108 0 129 
11 18 117 55 123 38 83 123 32 60 96 35 77 72 24 111 0 130 
12 18 118 52 123 39 80 123 34 58 97 38 74 73 26 109 0 130 
11 20 116 55 124 37 83 124 33 61 99 36 77 73 24 110 0 129 
12 18 118 52 121 39 80 120 35 57 93 37 74 72 26 111 0 131 
11 19 117 53 124 39 80 122 34 59 97 38 75 72 25 111 0 130 
12 19 117 53 122 37 80 123 33 59 97 38 75 73 26 110 0 129 
11 19 117 53 123 39 80 124 35 57 97 37 76 73 24 110 0 129 
28 15 92 52 117 37 75 105 32 57 71 36 77 50 30 113 0 138 
29 15 92 54 118 37 74 106 32 59 72 35 78 50 30 113 0 137 
28 16 92 55 118 36 77 107 30 61 74 35 78 50 29 114 0 137 
31 16 90 57 114 37 78 103 31 60 71 35 79 49 30 117 0 139 
37 35 67 89 0 88 127 172 67 110 156 54 143 142 48 154 0 136 
66 34 52 89 0 96 121 178 71 111 161 55 134 162 56 156 0 163 
66 32 55 86 0 97 118 176 71 109 162 56 130 165 57 155 0 163 
66 31 55 84 0 97 117 179 71 105 161 56 130 165 56 154 0 164 
65 34 53 88 0 95 119 179 69 108 160 54 131 165 56 154 0 163 
66 32 53 85 0 95 117 177 70 107 161 55 130 164 55 153 0 164 
64 32 53 84 0 93 117 180 72 105 163 56 131 167 56 154 0 163 
66 32 53 85 0 93 117 179 71 108 163 56 131 165 56 155 0 164 
65 32 53 84 0 93 117 178 71 105 161 56 129 165 55 153 0 164 
65 36 51 90 0 91 122 179 71 110 160 53 134 163 56 157 0 163 
64 33 53 84 0 91 119 179 72 110 163 57 130 165 57 154 0 161 
64 31 54 83 0 90 116 180 71 104 161 54 129 166 56 152 0 164 
63 35 53 87 0 90 120 181 73 110 164 56 133 166 56 156 0 161 
63 35 52 87 0 90 119 179 72 109 163 54 133 166 56 156 0 162 
64 33 53 85 0 91 118 178 73 108 161 56 131 165 56 154 0 163 
63 35 52 86 0 89 120 181 72 109 163 54 133 165 56 155 0 162 
64 34 53 87 0 91 120 178 72 110 163 56 130 165 56 155 0 163 
63 34 53 85 0 90 119 180 73 108 163 57 131 166 57 154 0 162 
64 35 52 88 0 90 120 180 73 110 162 56 133 166 57 156 0 162 
66 34 51 86 0 91 120 178 71 110 159 54 131 163 55 155 0 163 
64 34 53 85 0 90 119 180 73 106 162 56 131 166 57 153 0 162 
66 35 53 88 0 90 119 179 72 110 164 57 132 165 57 155 0 162 
65 34 52 86 0 90 118 181 72 109 162 56 131 164 56 155 0 163 
65 34 53 84 0 90 117 181 72 104 160 54 130 164 57 154 0 162 
63 33 53 85 0 88 118 181 73 108 164 58 131 167 58 154 0 162 
65 34 53 85 0 90 118 179 73 108 163 57 132 165 56 154 0 163 
63 34 52 85 0 89 118 181 73 107 162 56 130 166 56 155 0 163 
64 34 53 85 0 87 119 180 72 106 161 55 130 165 57 153 0 162 
63 34 53 85 0 88 117 181 73 105 161 55 132 166 58 154 0 161 
64 33 53 85 0 88 118 181 73 106 162 55 131 166 57 154 0 162 
63 34 53 84 0 88 117 181 74 109 162 58 132 164 58 153 0 161 
63 34 53 85 0 88 119 180 72 108 163 57 130 166 56 154 0 163 
63 33 53 84 0 88 118 180 74 106 163 57 130 167 57 153 0 162 
64 34 53 85 0 89 118 180 74 108 164 58 132 166 57 153 0 162 
63 35 52 85 0 88 118 180 73 109 164 57 132 167 57 155 0 162 
63 34 128 84 0 87 118 181 72 108 164 56 132 168 57 155 0 162 
61 34 128 82 0 87 117 182 74 107 164 57 131 167 57 153 0 161 
61 35 129 84 0 87 119 180 73 108 164 55 131 167 57 153 0 162 
61 35 130 85 0 87 119 180 72 109 162 55 131 165 57 154 0 162 
61 33 129 81 0 85 116 182 74 106 164 57 129 166 58 151 0 160 
63 34 130 82 0 87 117 180 74 107 163 56 130 166 57 156 0 161 
62 35 130 83 0 87 118 182 73 109 164 58 131 167 57 155 0 162 
62 35 130 82 0 86 118 181 73 106 162 56 130 167 58 154 0 161 
62 35 130 83 0 87 118 181 74 106 160 55 131 167 58 155 0 161 
61 34 129 82 0 86 118 181 74 107 162 56 131 166 57 156 0 162 
62 36 131 83 0 87 117 181 74 108 162 55 132 166 56 155 0 160 
58 34 130 83 0 83 120 184 76 108 165 56 134 169 58 155 0 159 
62 35 130 83 0 87 118 180 75 109 163 56 131 166 57 155 0 163 
61 35 130 83 0 86 117 180 74 110 164 58 132 167 58 155 0 161 
62 34 130 81 0 86 116 182 74 107 163 56 131 168 57 154 0 162 
57 58 44 73 0 107 116 0 79 86 177 74 125 158 48 161 0 152 
59 53 46 69 0 110 109 0 80 79 177 75 118 154 45 157 0 155 
61 53 45 68 0 112 108 0 80 78 175 74 118 157 45 156 0 155 
62 59 44 73 0 111 112 0 82 85 173 72 121 151 46 162 0 156 
59 57 43 73 0 108 115 0 78 83 176 73 121 156 45 162 0 154 
60 56 44 71 0 109 111 0 78 82 175 74 121 156 46 160 0 154 
59 55 45 70 0 107 110 0 77 81 175 76 120 157 46 158 0 153 
57 56 45 70 0 105 112 0 76 84 179 78 120 157 47 158 0 151 
59 54 45 69 0 108 109 0 76 80 176 75 119 159 47 159 0 155 
61 53 45 69 0 110 109 0 79 79 174 75 118 156 46 158 0 156 
61 55 45 70 0 109 110 0 79 79 174 75 118 155 45 158 0 155 
61 54 45 69 0 110 111 0 79 79 174 75 118 157 46 158 0 155 
61 58 43 72 0 109 112 0 79 84 177 75 121 154 45 161 0 156 
60 54 45 71 0 109 112 0 78 80 175 76 120 157 45 159 0 154 
60 54 45 69 0 110 110 0 78 79 175 77 117 157 47 158 0 152 
60 56 45 69 0 108 111 0 77 82 177 79 119 157 47 157 0 153 
59 54 46 68 0 108 108 0 76 76 174 75 118 158 47 157 0 153 
59 55 45 69 0 106 111 0 75 81 176 75 120 158 47 159 0 153 
58 53 46 66 0 107 107 0 76 75 173 75 118 158 48 157 0 153 
58 54 46 69 0 108 110 0 75 79 176 77 119 159 48 157 0 153 
59 54 45 70 0 108 109 0 77 77 174 75 118 158 47 156 0 153 
60 54 46 69 0 107 110 0 75 82 180 78 119 158 47 157 0 153 
59 54 46 68 0 107 111 0 77 80 175 77 119 157 47 157 0 153 
60 52 46 69 0 108 110 0 76 78 176 77 118 158 47 159 0 152 
58 55 45 69 0 106 110 0 74 84 180 78 120 158 47 157 0 152 
59 53 45 67 0 106 109 0 73 80 179 78 120 159 48 156 0 152 
60 53 46 66 0 107 109 0 76 81 180 79 118 158 48 156 0 154 
57 53 46 67 0 107 108 0 74 79 178 79 116 159 47 156 0 152 
59 53 46 67 0 106 108 0 75 78 177 79 118 158 48 156 0 153 
59 52 46 68 0 108 109 0 75 79 177 78 119 160 48 158 0 155 
59 53 46 67 0 107 109 0 75 79 177 77 118 158 48 155 0 153 
57 53 46 67 0 104 108 0 73 79 179 78 117 161 48 156 0 152 
57 54 47 67 0 106 110 0 74 81 179 78 120 159 49 157 0 151 
58 53 46 67 0 105 109 0 73 78 177 78 118 159 48 156 0 153 
58 52 46 66 0 107 108 0 75 78 177 79 118 160 48 156 0 155 
59 53 46 67 0 107 110 0 75 82 180 78 118 158 47 157 0 152 
58 52 45 66 0 107 109 0 75 79 179 78 119 159 46 157 0 153 
59 53 46 68 0 107 110 0 74 80 178 79 119 159 48 157 0 152 
58 52 45 65 0 107 108 0 74 78 176 79 118 160 48 157 0 153 
58 53 46 67 0 107 109 0 75 79 177 79 118 159 49 156 0 152 
57 54 46 67 0 104 110 0 72 82 180 78 117 159 48 156 0 153 
58 53 46 65 0 106 108 0 74 80 178 78 118 160 48 155 0 152 
59 54 46 68 0 106 109 0 74 81 178 79 117 159 48 156 0 152 
57 52 46 65 0 105 108 0 73 78 176 77 117 160 48 155 0 151 
59 52 47 64 0 107 107 0 74 80 177 79 117 159 47 155 0 153 
58 52 47 65 0 106 109 0 72 78 179 79 117 162 49 156 0 151 
57 50 47 63 0 106 107 0 72 78 178 80 116 161 48 152 0 152 
60 53 46 66 0 108 108 0 75 78 176 79 116 158 47 156 0 153 
58 52 47 65 0 105 108 0 73 78 178 78 117 159 48 155 0 152 
58 52 47 64 0 106 108 0 72 81 180 80 117 159 48 156 0 151 
34 0 200 84 0 132 118 0 95 121 183 79 145 165 65 164 0 147 
35 0 196 83 0 127 117 0 94 121 183 79 144 165 64 163 0 148 
35 0 196 83 0 126 118 0 91 119 182 78 144 166 66 164 0 145 
35 0 198 81 0 128 115 0 94 119 182 79 142 165 65 163 0 146 
35 0 198 83 0 128 115 0 93 120 186 79 143 166 66 164 0 146 
37 0 197 86 0 128 119 0 94 122 182 78 145 165 65 165 0 146 
36 0 197 82 0 129 117 0 95 119 183 80 143 166 66 163 0 147 
35 0 196 83 0 127 115 0 92 117 182 79 143 166 66 163 0 147 
37 0 196 82 0 125 117 0 91 117 182 79 142 164 66 162 0 145 
35 0 196 82 0 125 115 0 93 117 182 79 142 163 65 162 0 147 
36 0 196 82 0 126 117 0 93 119 182 79 143 164 65 162 0 145 
35 0 196 82 0 124 117 0 91 117 183 80 142 166 65 163 0 144 
34 0 195 82 0 123 116 0 90 119 184 80 142 166 66 162 0 145 
36 0 195 83 0 124 117 0 91 121 185 81 144 167 65 165 0 147 
37 0 194 86 0 123 120 0 91 122 185 80 145 167 64 165 0 145 
32 0 180 86 0 108 123 0 76 129 192 92 155 170 75 168 0 131 
33 0 193 81 0 123 115 0 89 118 183 81 144 166 67 163 0 142 
34 0 194 82 0 123 117 0 88 120 185 83 145 167 69 165 0 143 
34 0 193 82 0 117 119 0 85 121 188 82 146 170 68 163 0 141 
39 5 197 80 0 136 116 0 106 115 178 74 137 162 59 157 0 150 
26 13 205 51 0 146 90 0 111 96 176 70 115 167 53 142 0 154 
14 20 171 47 0 145 104 0 120 99 176 69 113 166 53 143 0 153 
17 16 203 51 0 142 105 0 107 100 180 70 118 166 51 144 0 153 
23 11 202 54 0 141 108 0 105 104 181 74 120 167 54 145 0 151 
24 10 201 55 0 138 105 0 104 101 179 73 119 167 54 145 0 151 
25 10 199 57 0 138 109 0 103 102 177 70 122 167 54 148 0 151 
25 9 200 55 0 139 106 0 103 102 179 73 119 165 54 145 0 152 
25 7 198 55 0 136 106 0 101 102 177 72 121 166 54 147 0 150 
24 9 200 54 0 136 104 0 101 102 180 75 119 168 55 145 0 150 
24 10 199 54 0 132 104 0 98 101 180 75 119 169 55 144 0 149 
20 9 196 56 0 134 105 0 99 101 180 73 119 169 54 147 0 150 
24 8 199 54 0 135 105 0 100 103 180 73 120 168 54 145 0 149 
25 8 198 54 0 133 105 0 99 102 181 76 121 168 56 146 0 150 
27 7 201 55 0 139 102 0 101 102 178 73 118 164 53 146 0 155 
26 5 197 54 0 136 102 0 96 100 180 75 119 169 55 147 0 150 
25 7 194 55 0 131 102 0 95 103 180 74 119 167 57 147 0 150 
24 7 197 52 0 132 101 0 94 103 183 77 119 170 56 145 0 149 
24 7 194 52 0 130 101 0 95 100 179 77 120 168 58 145 0 146 
25 3 194 56 0 127 104 0 90 105 185 79 122 171 57 145 0 147 
27 5 193 54 0 129 101 0 92 104 185 81 121 171 59 145 0 147 
26 3 192 54 0 127 101 0 90 101 182 80 120 173 59 146 0 146 
26 4 192 53 0 126 100 0 88 101 183 79 120 172 57 144 0 147 
26 4 192 54 0 127 100 0 88 100 183 79 120 173 58 145 0 149 
25 4 192 52 0 128 100 0 90 102 184 82 120 172 58 145 0 149 
27 3 191 53 0 125 101 0 88 103 185 79 120 172 57 145 0 147 
26 4 189 53 0 123 101 0 84 105 188 82 122 173 59 147 0 146 
28 2 192 54 0 126 101 0 88 102 184 78 121 171 56 145 0 149 
27 4 190 54 0 124 102 0 89 101 183 77 120 171 58 145 0 147 
27 3 192 53 0 124 99 0 87 101 184 80 117 173 58 145 0 148 
27 2 191 53 0 123 99 0 84 102 186 80 120 174 59 145 0 148 
85 98 32 62 0 123 100 0 113 124 0 101 110 0 96 147 0 145 
88 101 31 62 0 122 100 0 111 125 0 100 111 0 96 147 0 145 
87 100 33 61 0 122 100 0 111 124 0 97 111 0 95 146 0 145 
84 99 33 58 0 121 97 0 109 120 0 98 108 0 94 145 0 145 
87 100 32 61 0 121 98 0 108 118 0 95 110 0 94 145 0 143 
86 102 32 62 0 122 100 0 108 123 0 98 112 0 95 147 0 144 
87 101 33 59 0 121 98 0 109 121 0 97 111 0 95 146 0 143 
87 98 32 60 0 122 99 0 108 122 0 98 109 0 93 147 0 144 
87 102 32 60 0 120 99 0 107 121 0 96 109 0 93 146 0 144 
85 102 34 61 0 120 99 0 106 122 0 97 110 0 93 146 0 143 
85 101 32 60 0 119 99 0 105 121 0 95 109 0 94 146 0 143 
86 101 32 59 0 119 98 0 106 120 0 95 110 0 93 145 0 142 
86 101 32 60 0 119 98 0 106 119 0 97 109 0 92 146 0 143 
86 101 32 60 0 119 99 0 105 121 0 94 110 0 92 147 0 141 
86 100 33 59 0 120 98 0 106 120 0 96 109 0 93 145 0 142 
87 100 32 58 0 120 97 0 106 120 0 97 109 0 95 145 0 142 
85 100 34 60 0 118 97 0 104 120 0 98 107 0 93 145 0 143 
86 100 31 59 0 119 97 0 105 119 0 96 109 0 91 147 0 143 
87 102 33 57 0 118 96 0 106 118 0 97 108 0 94 145 0 142 
87 98 32 60 0 121 99 0 104 121 0 93 110 0 88 149 0 142 
85 107 31 52 0 110 91 0 106 117 0 102 105 0 105 140 0 142 
81 98 33 50 0 114 91 0 102 114 0 97 104 0 94 138 0 138 
84 101 33 52 0 115 92 0 106 116 0 101 104 0 98 140 0 142 
88 100 34 79 0 127 118 0 100 131 0 79 123 0 70 161 0 141 
92 109 33 66 0 117 106 0 105 127 0 95 118 0 98 154 0 146 
91 110 33 67 0 119 107 0 106 128 0 96 116 0 97 154 0 146 
91 108 31 66 0 118 106 0 106 128 0 94 118 0 94 153 0 145 
87 93 33 51 0 119 86 0 104 111 0 98 100 0 92 137 0 144 
99 73 33 44 0 122 79 0 105 94 0 93 81 0 90 124 0 158 
98 77 32 46 0 121 80 0 101 98 0 92 85 0 89 128 0 156 
95 77 33 45 0 119 79 0 102 97 0 93 85 0 89 127 0 154 
99 77 33 45 0 122 78 0 105 99 0 95 82 0 92 126 0 156 
97 76 33 44 0 122 79 0 105 96 0 92 82 0 91 127 0 156 
98 77 33 45 0 119 79 0 103 101 0 93 84 0 90 128 0 154 
97 78 32 44 0 117 78 0 102 95 0 91 81 0 90 128 0 156 
99 77 32 44 0 119 77 0 103 95 0 93 81 0 91 125 0 157 
96 78 33 44 0 117 76 0 101 97 0 92 81 0 90 126 0 154 
97 78 32 44 0 117 79 0 100 98 0 90 85 0 89 128 0 153 
98 78 32 44 0 118 77 0 101 93 0 90 80 0 90 126 0 154 
101 79 32 46 0 120 81 0 103 100 0 92 84 0 91 129 0 157 
100 80 31 42 0 118 77 0 102 93 0 90 80 0 91 127 0 157 
98 81 31 44 0 117 79 0 101 97 0 91 83 0 89 128 0 155 
98 81 32 44 0 119 78 0 102 99 0 94 82 0 91 126 0 155 
96 85 32 46 0 114 80 0 97 99 0 87 86 0 88 131 0 151 
98 85 31 46 0 117 80 0 101 100 0 90 86 0 89 129 0 154 
99 83 32 45 0 117 78 0 100 97 0 92 84 0 90 129 0 154 
100 83 32 44 0 118 78 0 101 99 0 93 83 0 91 129 0 156 
100 84 32 46 0 118 80 0 100 101 0 93 83 0 91 129 0 155 
99 84 31 44 0 119 77 0 100 96 0 90 84 0 89 129 0 155 
101 83 31 44 0 121 79 0 103 101 0 96 84 0 91 128 0 156 
23 11 121 46 0 136 82 0 116 123 0 125 130 0 133 124 0 150 
25 10 120 47 0 135 83 0 116 127 0 125 132 0 132 126 0 151 
24 10 122 48 0 133 83 0 114 129 0 124 131 0 130 126 0 149 
25 11 121 50 0 135 85 0 115 127 0 123 134 0 131 127 0 148 
25 9 122 49 0 134 85 0 114 128 0 122 133 0 129 127 0 149 
25 9 122 47 0 135 84 0 117 128 0 126 132 0 134 127 0 152 
22 10 122 47 0 131 81 0 112 122 0 120 131 0 129 125 0 147 
25 10 123 49 0 134 85 0 114 126 0 124 133 0 133 127 0 149 
24 9 122 47 0 133 82 0 116 129 0 128 133 0 131 127 0 149 
24 10 123 47 0 134 82 0 116 127 0 126 132 0 132 125 0 150 
24 10 123 49 0 133 83 0 114 126 0 123 131 0 131 125 0 148 
25 10 122 48 0 134 82 0 116 126 0 125 131 0 133 127 0 152 
24 9 121 47 0 133 82 0 112 123 0 123 131 0 132 124 0 148 
27 7 120 49 0 133 85 0 113 129 0 124 134 0 132 127 0 149 
25 7 120 47 0 131 82 0 112 125 0 122 129 0 129 125 0 148 
28 5 119 48 0 134 82 0 115 125 0 123 129 0 132 126 0 150 
27 8 120 46 0 134 81 0 116 125 0 126 129 0 132 124 0 150 
27 5 118 49 0 134 83 0 114 127 0 124 130 0 132 126 0 150 
27 5 118 48 0 131 83 0 112 124 0 119 131 0 129 127 0 147 
26 6 118 48 0 132 82 0 113 125 0 122 128 0 131 125 0 148 
28 5 120 48 0 135 82 0 116 125 0 124 131 0 132 126 0 150 
29 4 119 49 0 133 83 0 113 128 0 122 132 0 131 127 0 148 
27 4 118 47 0 130 82 0 111 125 0 120 130 0 129 125 0 148 
27 4 118 47 0 131 80 0 112 122 0 119 128 0 130 125 0 148 
29 2 117 49 0 130 83 0 112 126 0 121 130 0 130 127 0 148 
28 3 117 47 0 132 81 0 113 126 0 123 129 0 130 126 0 149 
28 1 116 46 0 130 81 0 112 125 0 122 128 0 129 125 0 149 
28 2 117 47 0 131 82 0 112 125 0 121 129 0 129 125 0 147 
28 2 117 47 0 132 81 0 112 127 0 123 129 0 130 125 0 149 
28 2 117 47 0 130 80 0 111 125 0 121 128 0 128 125 0 147 
28 1 117 46 0 129 81 0 111 121 0 120 127 0 130 126 0 148 
30 1 117 48 0 130 82 0 111 127 0 122 130 0 129 126 0 149 
30 1 116 48 0 132 82 0 112 125 0 121 130 0 132 126 0 150 
27 2 118 47 0 131 81 0 111 128 0 122 128 0 129 126 0 147 
30 0 115 48 0 129 83 0 109 125 0 119 130 0 128 127 0 146 
31 0 115 50 0 129 85 0 109 129 0 117 132 0 129 128 0 147 
29 0 115 48 0 127 83 0 107 124 0 115 132 0 124 128 0 143 
28 0 114 47 0 127 81 0 107 122 0 115 129 0 124 126 0 144 
30 0 116 47 0 128 81 0 108 124 0 119 130 0 127 127 0 146 
31 0 115 49 0 127 83 0 109 125 0 118 131 0 127 127 0 146 
30 0 114 48 0 129 82 0 109 127 0 121 130 0 126 128 0 147 
30 0 114 48 0 126 82 0 106 126 0 118 129 0 126 127 0 145 
31 0 113 47 0 129 81 0 109 123 0 117 130 0 128 127 0 145 
31 0 112 48 0 128 82 0 108 122 0 116 130 0 125 126 0 145 
30 0 111 50 0 125 84 0 106 126 0 115 132 0 123 131 0 144 
31 0 113 46 0 130 80 0 109 122 0 118 129 0 127 127 0 146 
31 0 111 48 0 127 81 0 107 127 0 118 131 0 125 127 0 145 
31 0 113 49 0 127 82 0 108 126 0 119 131 0 127 127 0 145 
31 0 111 49 0 128 82 0 108 126 0 117 131 0 127 128 0 146 
30 0 111 49 0 126 83 0 106 126 0 118 131 0 126 128 0 144 
64 30 56 64 0 126 103 0 138 121 0 71 99 71 25 151 0 155 
65 30 53 63 0 127 102 0 140 115 0 67 99 71 24 151 0 155 
64 30 54 64 0 125 103 0 138 120 0 68 97 71 24 150 0 154 
63 30 55 62 0 125 101 0 138 117 0 67 99 72 24 149 0 155 
65 31 53 63 0 125 102 0 138 117 0 67 99 71 24 148 0 154 
66 30 52 63 0 125 101 0 137 117 0 66 99 71 22 150 0 155 
63 32 52 61 0 120 99 0 135 116 0 67 98 73 25 149 0 154 
66 28 54 60 0 126 98 0 137 114 0 68 97 73 24 148 0 156 
65 30 54 60 0 124 99 0 137 112 0 65 96 73 24 149 0 157 
67 30 54 59 0 124 97 0 137 113 0 67 95 72 24 148 0 158 
67 30 53 62 0 124 101 0 138 114 0 67 96 72 25 148 0 157 
69 29 53 59 0 125 97 0 139 114 0 67 94 71 25 147 0 158 
67 31 54 61 0 124 99 0 137 115 0 68 93 71 25 147 0 157 
67 30 54 61 0 125 100 0 138 116 0 69 95 71 25 148 0 156 
67 30 53 60 0 126 98 0 139 115 0 66 96 70 22 147 0 158 
69 31 53 62 0 127 101 0 139 114 0 67 96 68 25 148 0 156 
66 29 56 60 0 122 98 0 135 113 0 65 95 72 24 147 0 156 
67 29 53 59 0 124 98 0 135 117 0 67 96 70 24 147 0 155 
66 29 54 60 0 125 98 0 137 112 0 67 95 70 25 147 0 157 
67 28 54 59 0 125 97 0 137 113 0 66 94 72 22 146 0 155 
65 30 54 59 0 123 98 0 135 115 0 66 95 72 24 146 0 155 
65 29 56 58 0 122 97 0 135 111 0 66 93 74 24 145 0 154 
67 29 53 58 0 124 98 0 136 111 0 64 94 71 24 146 0 155 
66 29 55 57 0 124 97 0 137 110 0 64 94 72 25 147 0 155 
66 29 56 58 0 123 96 0 136 111 0 66 94 73 25 146 0 155 
68 28 54 56 0 125 96 0 138 111 0 67 93 68 25 145 0 157 
66 27 55 56 0 125 95 0 136 109 0 65 93 72 23 145 0 156 
67 28 54 56 0 124 96 0 137 113 0 67 93 71 24 146 0 158 
67 28 55 55 0 123 95 0 136 113 0 68 93 70 25 145 0 157 
65 29 52 58 0 122 97 0 136 115 0 64 95 70 22 149 0 157 
67 27 54 56 0 124 95 0 136 110 0 65 94 70 25 145 0 157 
67 29 54 58 0 123 96 0 133 111 0 62 95 71 23 148 0 156 
66 29 54 56 0 122 96 0 134 113 0 65 95 70 24 147 0 157 
68 29 55 56 0 124 94 0 136 112 0 67 90 70 24 146 0 156 
67 28 54 54 0 122 95 0 134 110 0 63 92 73 24 145 0 155 
64 30 53 58 0 120 99 0 132 112 0 61 98 71 23 148 0 156 
67 30 54 56 0 123 95 0 135 111 0 64 93 71 24 146 0 155 
66 29 55 55 0 123 96 0 135 111 0 64 94 70 24 146 0 157 
69 29 52 57 0 122 97 0 135 111 0 62 94 69 24 147 0 156 
68 28 54 52 0 122 94 0 135 110 0 64 92 71 24 145 0 157 
68 27 56 53 0 121 94 0 133 108 0 63 90 72 24 144 0 155 
68 29 53 54 0 121 97 0 134 111 0 64 94 70 24 146 0 156 
69 28 55 52 0 122 94 0 135 110 0 65 91 70 24 144 0 157 
67 27 55 52 0 121 94 0 134 109 0 62 93 72 22 145 0 157 
68 28 55 53 0 121 94 0 135 110 0 63 92 70 24 145 0 155 
65 21 60 45 0 120 86 0 129 101 0 60 88 80 24 138 0 151 
64 30 54 54 0 116 97 0 129 112 0 59 97 73 24 146 0 152 
66 22 57 45 0 119 86 0 130 100 0 60 86 75 22 139 0 154 
66 24 57 48 0 119 90 0 130 107 0 61 89 73 23 142 0 154 
69 23 57 47 0 120 90 0 131 104 0 61 90 71 23 141 0 155 
49 6 83 48 0 131 85 0 117 70 99 33 110 0 79 134 0 157 
51 8 80 47 0 133 84 0 118 74 100 34 111 0 79 133 0 157 
51 6 82 44 0 132 83 0 118 68 99 33 108 0 78 131 0 155 
50 6 82 46 0 131 86 0 115 71 101 32 111 0 76 133 0 155 
49 4 84 40 0 129 79 0 112 67 101 32 105 0 74 129 0 154 
50 6 82 43 0 130 82 0 114 69 99 32 108 0 77 130 0 155 
52 7 81 44 0 131 82 0 116 69 97 32 108 0 77 130 0 157 
53 5 81 43 0 131 81 0 114 67 95 31 106 0 76 130 0 155 
52 5 80 42 0 130 82 0 115 70 95 31 105 0 77 130 0 155 
53 5 81 43 0 131 81 0 115 68 96 32 104 0 76 129 0 156 
52 5 81 43 0 131 82 0 114 70 98 32 104 0 75 130 0 157 
53 5 82 43 0 132 80 0 113 69 97 33 104 0 77 131 0 157 
53 7 80 44 0 130 81 0 116 69 96 34 103 0 79 130 0 157 
56 4 81 44 0 133 80 0 118 68 93 32 103 0 79 129 0 158 
54 6 81 42 0 130 80 0 116 66 94 32 102 0 78 129 0 157 
55 6 80 44 0 132 81 0 116 70 96 32 104 0 79 130 0 158 
53 5 81 42 0 128 80 0 113 70 97 33 105 0 75 130 0 154 
58 6 79 45 0 134 83 0 120 71 93 32 104 0 81 131 0 160 
53 6 81 42 0 129 82 0 114 70 98 34 105 0 76 129 0 155 
53 3 82 40 0 126 78 0 112 65 99 32 102 0 75 128 0 154 
58 5 79 43 0 134 80 0 118 66 91 31 100 0 81 129 0 159 
55 5 79 42 0 128 79 0 112 67 97 31 101 0 76 128 0 156 
55 3 81 42 0 131 78 0 115 65 98 34 99 0 77 129 0 156 
56 6 79 42 0 130 81 0 115 68 95 31 101 0 79 129 0 157 
56 4 79 41 0 131 78 0 115 65 94 32 100 0 78 129 0 156 
57 5 78 41 0 130 80 0 116 69 96 33 101 0 80 128 0 157 
55 5 79 43 0 133 80 0 117 69 97 35 100 0 80 129 0 158 
59 5 77 42 0 132 79 0 116 69 95 32 100 0 80 129 0 157 
60 5 78 41 0 132 79 0 117 66 92 32 100 0 81 128 0 158 
59 5 77 42 0 133 78 0 117 67 94 33 100 0 79 128 0 158 
59 5 77 41 0 131 79 0 115 68 94 31 101 0 80 128 0 158 
58 6 76 42 0 131 79 0 115 66 93 33 100 0 79 129 0 157 
59 6 77 41 0 131 80 0 117 67 94 32 102 0 80 128 0 157 
60 4 78 40 0 133 77 0 117 64 92 33 98 0 80 127 0 158 
57 6 77 43 0 128 82 0 112 70 99 32 101 0 77 130 0 156 
59 6 77 42 0 130 80 0 115 70 97 35 101 0 79 128 0 155 
60 6 76 42 0 131 79 0 118 66 93 32 100 0 80 129 0 158 
60 6 76 41 0 132 79 0 116 68 95 32 100 0 79 129 0 159 
58 5 76 41 0 131 79 0 116 70 98 35 101 0 80 129 0 156 
61 6 76 41 0 133 79 0 118 69 93 34 101 0 80 127 0 157 
60 5 77 39 0 132 78 0 117 68 93 34 99 0 80 128 0 158 
57 5 78 40 0 128 79 0 113 66 96 34 100 0 79 127 0 157 
58 5 78 41 0 131 79 0 115 70 98 35 100 0 78 128 0 157 
59 5 77 41 0 131 80 0 116 68 95 31 101 0 79 128 0 155 
58 5 77 40 0 128 80 0 114 67 95 31 100 0 79 129 0 157 
59 6 76 41 0 131 81 0 115 68 95 32 101 0 79 129 0 158 
59 5 78 40 0 132 78 0 115 66 94 32 99 0 79 128 0 157 
62 4 77 39 0 131 79 0 116 67 91 32 100 0 81 128 0 159 
59 7 75 41 0 131 80 0 115 68 95 32 100 0 80 129 0 156 
56 7 75 40 0 127 81 0 112 70 98 32 102 0 77 131 0 154 
33 0 152 48 0 116 88 47 34 119 0 60 145 0 112 133 0 146 
36 0 152 47 0 118 87 46 34 118 0 59 145 0 111 133 0 149 
35 0 151 47 0 116 86 45 34 118 0 57 146 0 111 134 0 149 
35 0 157 44 0 121 83 45 36 112 0 60 142 0 112 130 0 149 
37 0 148 53 0 116 92 47 34 125 0 60 151 0 111 136 0 146 
35 0 156 46 0 118 85 48 35 112 0 56 142 0 109 130 0 146 
34 0 153 46 0 117 85 48 35 115 0 59 142 0 109 131 0 147 
32 0 152 47 0 113 86 50 33 117 1 57 143 0 106 132 0 145 
36 0 149 49 0 114 89 50 33 122 3 56 146 0 109 133 0 146 
33 0 153 47 0 113 86 50 33 114 0 55 141 0 107 132 0 146 
33 0 148 48 0 113 86 51 32 114 0 53 144 0 108 133 0 146 
34 0 152 48 0 113 87 49 34 116 0 55 143 0 107 134 0 145 
35 0 152 48 0 116 87 49 34 119 3 58 141 0 106 132 0 146 
33 0 149 45 0 112 87 51 31 117 3 53 141 0 105 132 0 144 
32 0 151 45 0 114 84 50 34 115 2 56 139 0 105 133 0 146 
36 0 150 47 0 115 86 47 35 116 0 58 140 0 107 132 0 147 
36 0 152 46 0 116 85 47 34 114 0 56 140 0 108 131 0 147 
34 0 153 46 0 114 84 49 33 112 0 55 139 0 106 131 0 146 
35 0 152 46 0 116 85 47 34 116 0 56 140 0 107 131 0 146 
35 0 151 46 0 115 87 48 33 115 0 54 141 0 105 133 0 147 
34 0 149 46 0 114 87 49 33 115 1 56 141 0 105 133 0 145 
33 0 152 47 0 115 84 50 34 112 1 55 139 0 106 131 0 146 
34 0 153 44 0 117 84 48 34 114 1 57 139 0 105 131 0 146 
35 0 153 45 0 115 85 48 32 113 0 52 140 0 107 132 0 149 
35 0 153 45 0 116 82 50 34 109 0 57 137 0 107 130 0 147 
36 0 154 46 0 118 84 48 35 112 0 57 139 0 107 131 0 149 
37 0 155 45 0 120 82 46 36 111 0 58 137 0 109 130 0 150 
36 0 150 47 0 115 85 47 33 116 1 55 138 0 107 133 0 149 
35 0 153 45 0 117 82 49 34 112 0 55 138 0 108 130 0 148 
47 34 60 56 0 129 98 16 48 129 0 59 148 0 113 142 0 144 
51 28 62 50 0 135 92 14 51 126 0 63 143 0 114 137 0 146 
50 33 61 55 0 133 97 14 50 127 0 62 146 0 117 140 0 147 
50 31 62 54 0 133 95 15 50 130 0 63 146 0 115 140 0 145 
48 30 61 51 0 129 94 16 46 128 0 62 144 0 112 140 0 146 
48 29 63 49 0 131 94 16 49 129 0 62 145 0 113 138 0 144 
49 31 62 54 0 133 94 15 49 129 0 62 147 0 113 140 0 145 
47 30 64 52 0 131 95 17 48 127 0 61 145 0 112 139 0 143 
46 30 63 51 0 129 95 20 46 126 0 58 144 0 109 140 0 143 
42 31 67 50 0 126 92 23 44 123 3 55 141 0 104 138 0 140 
41 32 67 51 0 123 94 27 42 122 6 52 143 0 101 139 0 137 
43 30 66 49 0 127 93 23 44 122 3 55 141 0 105 137 0 141 
40 32 66 49 0 124 94 26 42 122 6 52 143 0 103 138 0 136 
40 34 66 52 0 120 97 27 41 126 8 53 143 0 102 140 0 137 
41 33 66 51 0 124 95 24 43 125 6 53 144 0 102 140 0 138 
39 32 67 49 0 123 93 27 42 120 6 49 141 0 99 138 0 136 
37 33 68 51 0 122 95 29 42 120 7 51 142 0 99 139 0 134 
40 34 67 54 0 123 98 27 43 121 8 50 141 0 99 140 0 135 
38 33 69 52 0 116 96 32 40 119 12 47 138 0 96 139 0 136 
39 36 64 57 0 118 101 30 40 124 12 47 144 0 98 143 0 136 
39 33 68 53 0 118 97 31 41 118 9 46 142 0 98 141 0 136 
39 0 100 44 38 54 72 0 94 118 0 112 134 0 138 124 0 152 
39 0 100 44 36 53 72 0 94 117 0 114 134 0 140 124 0 153 
38 0 101 44 38 54 72 0 93 116 0 114 133 0 139 121 0 150 
38 0 100 42 38 52 70 0 92 110 0 110 130 0 135 122 0 151 
38 0 100 43 37 54 72 0 94 113 0 113 133 0 138 123 0 152 
41 0 99 43 35 55 71 0 94 115 0 115 132 0 139 122 0 152 
40 0 98 42 36 54 68 0 95 116 0 118 131 0 139 121 0 151 
37 0 99 42 38 53 71 0 92 115 0 113 133 0 137 121 0 151 
39 0 99 44 36 54 72 0 90 116 0 111 134 0 133 122 0 150 
39 0 99 44 36 54 71 0 93 116 0 114 133 0 136 122 0 151 
39 0 99 43 36 54 72 0 92 116 0 112 132 0 135 121 0 150 
39 0 100 42 39 54 69 0 93 114 0 114 131 0 136 120 0 150 
39 0 99 44 36 53 70 0 94 114 0 116 129 0 136 120 0 151 
40 0 97 43 34 54 72 0 94 115 0 114 133 0 136 120 0 152 
40 0 100 44 36 55 72 0 93 116 0 115 133 0 136 122 0 149 
38 0 101 44 38 52 72 0 91 116 0 113 132 0 135 122 0 151 
40 0 99 41 35 55 70 0 96 117 0 119 130 0 138 121 0 153 
41 0 100 45 36 53 72 0 93 114 0 113 131 0 138 122 0 152 
39 0 97 41 36 53 71 0 91 112 0 113 131 0 135 122 0 152 
39 0 99 43 36 53 72 0 91 113 0 109 131 0 133 122 0 150 
39 0 100 44 37 53 73 0 92 116 0 112 132 0 134 124 0 151 
40 0 101 45 37 55 70 0 94 113 0 114 130 0 137 120 0 150 
27 0 103 39 48 49 66 0 81 105 0 102 126 0 118 117 0 139 
34 0 102 42 42 52 69 0 88 111 0 109 129 0 129 119 0 145 
34 0 102 43 42 50 70 0 87 112 0 108 131 0 129 121 0 147 
35 0 101 44 42 51 70 0 88 110 0 107 131 0 129 122 0 146 
36 0 102 42 40 53 71 0 90 110 0 110 129 0 131 121 0 148 
36 0 100 42 39 52 70 0 89 111 0 108 130 0 130 120 0 147 
37 0 99 44 37 53 72 0 91 113 0 110 132 0 132 123 0 151 
39 0 102 45 37 54 72 0 93 114 0 112 131 0 134 122 0 151 
37 0 102 46 39 52 74 0 90 112 0 107 133 0 132 121 0 148 
37 0 100 43 37 52 71 0 90 115 0 110 131 0 132 120 0 150 
39 0 99 42 37 54 70 0 93 114 0 113 130 0 133 121 0 150 
39 0 101 43 37 54 71 0 90 112 0 110 130 0 133 121 0 150 
37 0 101 44 38 53 71 0 92 112 0 111 131 0 133 121 0 151 
36 0 102 43 39 52 72 0 89 112 0 109 132 0 132 122 0 148 
39 0 101 45 36 53 72 0 91 114 0 110 133 0 131 123 0 150 
37 0 100 44 38 52 71 0 90 116 0 114 131 0 133 121 0 150 
38 0 102 46 37 52 73 0 91 116 0 110 133 0 133 123 0 150 
38 0 100 42 37 52 69 0 92 113 0 112 130 0 133 121 0 151 
37 0 102 50 39 49 77 0 85 119 0 107 134 0 129 128 0 148 
38 0 105 47 38 50 75 0 87 118 0 109 133 0 130 127 0 149 
40 0 104 49 36 51 76 0 89 118 0 108 134 0 132 126 0 151 
39 0 103 51 38 50 77 0 86 120 0 106 136 0 126 127 0 149 
40 0 105 47 36 51 76 0 90 118 0 112 134 0 132 124 0 150 
40 0 105 51 35 51 77 0 88 118 0 108 134 0 131 127 0 151 
39 0 105 47 35 51 73 0 89 116 0 109 132 0 131 126 0 152 
38 0 104 50 38 47 76 0 87 116 0 106 135 0 129 126 0 148 
40 0 105 49 37 50 76 0 89 114 0 105 133 0 130 126 0 150 
40 0 105 48 36 51 74 0 89 117 0 110 132 0 131 126 0 151 
