34 15 88 52 89 37 101 0 66 108 0 60 87 0 64 137 0 143 
30 17 87 54 93 34 103 0 59 105 0 53 89 0 58 136 0 141 
30 13 89 49 93 34 96 0 63 103 0 55 84 0 59 132 0 140 
36 10 92 48 84 40 93 0 71 101 0 64 81 0 68 131 0 148 
38 7 96 43 82 41 91 0 72 103 0 68 78 0 69 128 0 151 
39 7 94 48 81 39 94 0 74 103 0 70 79 0 71 125 0 154 
33 10 89 49 83 35 96 0 66 107 0 63 83 0 67 129 0 150 
41 10 83 57 79 35 104 0 72 113 0 64 90 0 72 132 0 155 
35 14 93 43 86 43 111 0 99 124 0 86 97 0 92 123 0 155 
18 26 95 48 109 40 113 0 85 121 0 76 100 0 79 127 0 130 
15 35 109 53 116 43 115 0 76 123 0 69 102 0 69 127 0 122 
21 22 98 40 99 42 112 0 102 139 0 87 111 0 85 122 0 133 
17 13 107 31 100 44 105 0 105 131 0 82 106 0 80 116 0 132 
21 17 105 39 103 47 108 0 101 139 0 83 119 0 77 117 0 135 
25 16 106 37 96 46 108 0 111 138 0 94 118 0 91 119 0 140 
6 21 97 38 112 33 105 0 98 144 0 86 127 0 85 116 0 126 
33 1 115 40 87 46 87 0 109 102 0 99 71 0 94 101 0 149 
31 15 90 58 98 33 104 0 88 118 0 78 90 0 82 121 0 145 
31 9 86 59 97 29 108 0 89 121 0 78 93 0 80 120 0 146 
29 29 86 74 107 35 116 0 82 130 0 74 104 0 77 134 0 135 
25 31 84 74 112 30 116 0 77 129 0 68 108 0 72 133 0 131 
25 32 81 76 110 31 118 0 77 133 0 69 109 0 75 136 0 130 
25 30 81 76 108 31 118 0 78 133 0 71 107 0 75 136 0 133 
27 26 88 68 108 34 109 0 85 125 0 76 100 0 79 128 0 136 
22 20 86 65 106 29 107 0 81 125 0 71 98 0 73 125 0 137 
28 17 86 64 102 28 110 0 82 129 0 73 100 0 75 124 0 140 
34 26 87 72 99 37 112 0 89 129 0 79 103 0 85 128 0 142 
34 18 89 64 96 33 108 0 93 127 0 84 96 0 85 123 0 146 
34 14 91 59 92 34 103 0 95 123 0 86 92 0 87 120 0 150 
25 29 84 75 109 30 118 0 75 135 0 68 107 0 72 132 0 133 
28 36 82 81 110 33 118 0 82 136 0 71 112 0 78 141 0 135 
27 17 84 67 100 26 115 0 83 135 0 73 104 0 73 134 0 136 
18 26 87 66 113 28 108 0 79 128 0 77 97 0 77 120 0 129 
25 22 90 67 105 32 109 0 83 130 0 78 100 0 78 124 0 136 
17 24 86 70 113 27 112 0 76 133 0 71 104 0 70 125 0 130 
14 22 84 68 114 23 111 0 76 134 0 70 104 0 69 125 0 129 
27 21 89 66 102 30 107 0 79 125 0 78 96 0 78 122 0 137 
25 23 89 70 107 31 108 0 77 126 0 75 97 0 73 122 0 137 
15 23 87 73 113 23 111 0 75 130 0 71 101 0 70 125 0 131 
27 21 84 75 87 28 114 0 76 131 0 75 105 0 78 133 0 135 
27 16 88 68 95 27 112 0 77 125 0 76 89 0 78 124 0 140 
34 14 90 68 86 31 110 0 85 120 0 73 87 0 79 122 0 146 
35 11 92 65 85 34 104 0 87 117 0 80 81 0 83 120 0 150 
36 9 91 65 85 32 106 0 84 119 0 77 85 0 79 122 0 148 
35 12 91 67 85 32 106 0 83 118 0 77 85 0 81 122 0 148 
36 12 91 68 86 32 104 0 85 113 0 76 84 0 82 120 0 148 
37 11 92 65 83 34 104 0 88 118 0 83 85 0 83 121 0 150 
31 17 95 59 96 37 104 0 92 124 0 86 89 0 91 110 0 143 
17 41 67 102 114 19 141 0 60 157 0 55 130 0 63 160 0 125 
26 24 84 78 100 28 115 0 75 131 0 72 104 0 78 135 0 137 
12 58 81 59 0 93 138 0 75 91 149 47 81 131 34 135 0 114 
10 60 126 60 0 92 135 1 70 89 152 50 81 135 33 134 0 112 
7 55 134 62 0 87 139 0 66 89 155 41 84 132 24 136 0 113 
17 53 148 61 0 96 138 0 80 90 141 41 82 117 26 138 0 122 
17 53 144 59 0 97 136 0 77 83 143 44 79 123 31 132 0 119 
23 52 141 59 0 104 134 0 87 87 136 42 79 110 29 134 0 125 
17 53 143 61 0 97 133 0 79 83 140 42 83 121 31 134 0 118 
9 53 143 56 0 90 133 0 72 84 151 42 80 129 29 132 0 113 
10 49 145 49 0 91 124 0 71 78 155 47 74 134 31 125 0 111 
8 52 146 50 0 89 125 0 71 78 151 46 76 130 31 124 0 109 
7 49 141 48 0 90 127 0 72 78 152 42 73 130 27 123 0 110 
10 47 104 47 0 93 124 0 71 75 150 45 71 130 29 122 0 110 
12 51 109 52 0 92 128 0 72 80 149 45 75 128 32 125 0 112 
21 51 99 59 0 103 131 0 85 82 140 52 75 123 40 126 0 118 
6 45 69 47 0 90 129 0 66 76 163 40 69 137 22 123 0 112 
7 55 71 54 0 87 127 0 63 84 161 42 77 132 24 128 0 108 
11 52 68 53 0 99 133 0 77 81 151 41 75 121 24 130 0 118 
25 61 70 66 0 105 138 0 88 91 141 48 83 111 33 137 0 123 
17 61 65 70 0 99 144 0 80 94 145 41 88 115 25 141 0 120 
18 59 70 65 0 98 141 0 78 88 143 40 81 115 26 139 0 120 
18 58 68 61 0 100 139 0 83 88 144 41 84 114 28 136 0 120 
21 61 73 61 0 100 135 0 85 87 141 46 83 112 32 134 0 119 
12 61 69 60 0 91 137 0 73 89 153 44 85 120 26 136 0 112 
14 59 70 59 0 95 136 0 78 86 147 40 82 119 25 137 0 116 
19 59 72 62 0 98 136 0 82 89 147 45 84 116 28 137 0 118 
29 64 150 74 0 106 145 0 90 98 134 47 91 102 33 147 0 130 
19 61 144 70 0 94 142 0 79 96 150 41 90 114 24 146 0 121 
24 64 144 70 0 99 145 0 86 98 140 40 90 104 25 145 0 125 
27 58 103 68 0 104 141 0 89 94 140 43 86 106 28 141 0 127 
14 57 67 61 0 94 138 0 76 86 147 38 83 113 21 138 0 118 
27 55 96 57 0 108 129 0 93 84 129 43 76 98 30 137 0 124 
16 58 97 61 0 93 134 0 78 88 148 42 83 115 23 137 0 119 
10 61 100 58 0 84 129 0 69 87 155 43 82 123 25 134 0 110 
12 61 92 61 0 89 136 0 73 90 152 44 87 120 26 137 0 113 
13 60 90 62 0 89 134 0 74 85 150 42 83 118 25 137 0 113 
26 62 92 70 0 98 139 0 83 91 135 46 89 105 32 139 0 122 
16 56 146 58 0 91 135 0 79 85 142 37 86 107 20 140 0 122 
28 56 143 67 0 100 139 0 88 92 137 39 88 98 24 142 0 133 
26 55 144 65 0 99 139 0 85 92 139 39 86 100 22 140 0 130 
29 56 141 68 0 101 137 0 90 86 131 32 85 95 22 144 0 134 
27 54 142 65 0 99 137 0 89 89 134 38 85 97 22 142 0 133 
27 58 146 70 0 93 134 0 84 91 139 40 88 101 26 142 0 130 
21 60 152 67 0 95 144 0 82 93 141 31 91 101 16 145 0 124 
28 58 150 64 0 103 139 0 92 88 129 37 86 93 24 142 0 130 
25 58 150 66 0 97 140 0 89 89 134 39 86 99 24 142 0 128 
27 58 150 68 0 97 141 0 87 91 138 40 87 101 25 143 0 129 
14 58 150 59 0 88 135 0 75 88 148 35 86 110 17 138 0 118 
19 57 148 61 0 95 135 0 82 84 142 37 82 108 24 136 0 123 
20 55 149 62 0 94 133 0 81 85 143 40 84 108 23 136 0 122 
24 57 150 64 0 96 135 0 83 89 141 41 86 105 24 138 0 124 
26 62 64 90 0 111 99 146 42 72 185 86 80 156 42 150 0 139 
26 63 68 93 0 111 101 146 45 79 187 89 84 156 45 153 0 134 
13 65 69 87 0 97 101 160 47 83 198 94 89 168 45 149 0 121 
10 61 76 87 0 95 97 164 50 78 202 102 84 177 49 142 0 116 
18 64 74 85 0 103 97 158 48 79 195 96 83 167 48 146 0 121 
12 54 85 70 0 98 84 163 57 70 194 109 74 175 61 133 0 116 
15 52 81 74 0 101 85 159 55 71 197 105 73 171 54 131 0 122 
16 55 78 75 0 101 85 158 51 70 194 100 73 169 52 136 0 126 
12 61 77 83 0 95 96 163 51 75 197 99 81 174 51 141 0 118 
16 64 73 87 0 99 96 157 50 80 193 96 86 165 49 145 0 122 
22 66 71 82 0 106 98 148 48 82 187 91 81 151 45 140 0 130 
12 52 79 74 0 96 87 160 55 74 196 106 78 171 55 139 0 118 
17 55 72 81 0 101 90 157 47 73 195 94 78 168 46 142 0 123 
23 63 73 86 0 107 95 151 52 81 189 95 86 160 49 146 0 124 
23 62 72 87 0 105 97 151 50 77 187 92 85 161 49 147 0 127 
19 62 68 86 0 102 99 152 46 80 190 89 85 160 45 148 0 127 
21 62 69 89 0 104 97 152 47 80 193 90 85 162 44 149 0 128 
26 64 70 88 0 109 98 147 48 79 186 89 83 155 46 148 0 130 
16 59 73 86 0 100 95 157 51 78 193 95 85 167 48 145 0 122 
15 59 77 79 0 98 89 161 53 75 196 100 82 171 52 139 0 119 
17 58 74 82 0 101 93 158 50 76 193 97 82 167 49 142 0 123 
17 58 75 82 0 102 91 157 52 78 197 100 81 168 49 141 0 123 
20 56 73 82 0 104 90 155 48 71 190 94 79 162 48 142 0 128 
20 59 71 81 0 104 92 152 49 79 192 94 80 160 48 144 0 125 
17 52 73 77 0 103 87 158 49 71 193 96 78 168 50 139 0 124 
18 62 72 86 0 101 96 154 50 82 193 95 86 163 47 146 0 125 
21 60 74 84 0 103 92 154 50 79 194 97 84 164 48 142 0 125 
19 62 72 85 0 102 95 156 51 81 194 97 84 163 48 144 0 122 
23 62 72 87 0 106 96 151 50 81 191 94 85 159 47 145 0 129 
15 60 71 83 0 99 93 160 49 79 199 98 83 167 47 143 0 122 
20 61 71 85 0 104 94 155 49 79 192 94 85 162 48 145 0 124 
19 63 71 85 0 102 94 156 50 78 190 92 84 163 47 144 0 126 
21 61 71 86 0 106 95 152 49 79 192 95 83 161 47 144 0 126 
24 63 71 87 0 106 96 152 50 77 190 91 84 159 46 147 0 127 
18 61 70 86 0 103 96 155 47 78 192 92 84 163 46 146 0 125 
20 60 70 85 0 103 95 155 49 76 192 92 84 165 46 145 0 126 
21 60 70 82 0 103 93 153 47 75 191 93 81 162 46 143 0 126 
19 49 66 77 0 110 82 150 42 67 194 92 73 162 43 140 0 133 
28 64 72 90 0 109 97 148 53 83 188 96 86 157 50 148 0 129 
18 64 107 85 0 100 96 156 49 82 195 96 86 164 47 145 0 121 
17 70 78 92 0 97 103 158 50 86 194 92 93 167 48 148 0 119 
21 64 104 89 0 103 95 153 52 83 191 95 88 161 49 147 0 122 
21 71 111 94 0 101 103 157 54 87 191 97 93 163 52 149 0 119 
8 61 111 85 0 91 94 167 54 79 201 104 85 175 52 140 0 115 
11 61 84 80 0 95 89 164 58 79 196 109 83 174 57 134 0 110 
8 63 84 84 0 89 94 169 61 84 203 111 87 178 59 138 0 106 
8 66 81 88 0 88 98 168 59 84 198 106 91 176 56 143 0 109 
16 64 73 88 0 97 96 157 52 81 193 98 86 164 51 144 0 118 
17 66 75 91 0 97 96 161 53 82 195 99 87 167 51 144 0 118 
14 64 75 90 0 96 96 160 53 80 193 97 87 170 52 145 0 117 
66 64 51 79 183 68 89 158 54 70 186 92 72 180 66 135 0 177 
58 64 45 74 188 72 88 166 55 67 191 93 72 185 66 130 0 166 
51 61 50 70 189 76 85 167 60 70 193 103 73 189 74 127 0 158 
47 73 46 77 196 80 94 174 61 75 200 105 80 197 74 131 0 152 
39 70 52 66 200 94 81 181 79 69 199 126 79 201 96 120 0 143 
40 89 50 79 204 95 96 185 77 81 204 123 85 201 90 125 0 142 
41 84 49 77 200 92 91 179 75 78 198 117 81 193 86 124 0 145 
36 85 157 79 202 97 96 185 80 83 202 121 93 199 89 131 0 135 
28 79 131 70 211 99 89 190 82 78 205 125 89 204 92 124 0 129 
40 76 110 76 202 89 93 182 74 78 203 118 88 201 87 129 0 143 
36 85 53 83 203 96 99 184 79 86 200 115 96 197 84 136 0 141 
62 80 43 88 182 69 104 157 56 83 186 87 81 170 58 147 0 174 
65 70 40 79 182 65 96 158 51 74 188 86 76 179 57 139 0 175 
72 64 38 80 176 59 94 154 46 71 185 81 73 172 56 141 0 183 
69 67 43 80 178 63 97 153 51 73 186 87 74 175 60 140 0 178 
68 61 44 75 174 64 92 152 53 68 179 86 71 171 61 134 0 183 
84 55 38 75 161 49 88 133 40 65 169 72 59 153 52 138 0 202 
65 67 43 78 183 65 94 157 51 73 184 86 75 173 61 139 0 173 
51 51 39 62 191 65 79 172 51 59 199 94 69 196 65 122 0 164 
51 58 49 68 189 75 84 166 60 69 193 101 74 188 72 126 0 161 
56 57 50 68 180 72 84 160 58 66 185 97 70 180 69 128 0 164 
52 58 47 68 187 73 86 169 58 67 194 100 75 188 70 130 0 161 
41 64 49 70 199 80 88 178 63 73 201 106 80 194 74 127 0 150 
60 58 48 72 180 64 87 159 53 70 188 91 73 179 61 136 0 171 
69 68 44 85 175 62 101 152 49 77 180 79 81 170 55 145 0 173 
70 68 47 84 173 69 100 149 57 79 179 89 81 168 62 144 0 170 
50 68 46 79 194 75 96 172 60 79 199 97 86 189 67 136 0 154 
43 68 45 75 200 78 94 179 60 73 198 98 86 195 68 136 0 149 
42 75 50 80 197 85 98 176 68 84 197 102 89 187 71 137 0 144 
41 70 50 75 197 83 93 177 66 78 198 105 87 192 75 132 0 143 
36 76 110 79 203 90 97 183 72 83 201 110 94 195 77 133 0 131 
39 73 55 75 200 88 91 179 72 80 198 111 89 190 79 130 0 138 
38 73 53 77 199 88 94 179 72 80 199 112 91 193 79 133 0 136 
37 71 52 74 201 87 93 181 72 79 200 110 90 196 79 130 0 135 
38 72 54 76 199 87 94 178 71 80 198 111 89 191 77 132 0 136 
38 70 52 75 200 86 95 179 72 82 202 112 90 193 79 131 0 138 
39 70 51 75 197 85 93 176 69 78 197 108 88 191 76 133 0 141 
40 70 51 74 197 85 91 180 69 74 195 105 87 192 75 132 0 141 
40 68 51 74 195 84 91 176 70 77 197 108 87 193 76 133 0 142 
35 75 49 78 204 86 95 180 68 81 201 107 90 194 74 132 0 139 
54 60 46 72 187 71 87 164 56 69 189 94 76 184 65 133 0 162 
49 65 146 75 192 72 92 170 56 75 194 95 82 186 64 136 0 157 
56 63 141 73 185 70 90 165 56 73 194 96 79 182 64 137 0 162 
55 70 138 82 187 74 96 165 60 79 189 94 86 181 66 140 0 158 
57 66 116 77 186 71 95 162 57 74 187 92 80 178 64 139 0 161 
53 68 117 78 189 71 95 167 56 77 192 95 83 183 63 140 0 159 
54 68 120 77 187 70 96 165 57 76 191 92 83 183 62 140 0 162 
55 69 115 79 188 71 94 165 57 76 189 92 82 179 63 137 0 161 
55 66 112 76 187 70 94 165 56 76 191 93 83 180 63 138 0 161 
48 64 60 73 193 74 91 173 59 73 196 98 82 190 66 135 0 155 
156 0 140 211 123 138 218 107 130 212 110 101 190 61 88 253 87 148 
156 0 133 215 122 136 223 107 129 215 109 96 195 62 87 255 86 147 
158 0 136 216 119 134 223 104 127 213 108 95 194 61 87 255 87 147 
156 0 133 217 121 133 224 106 128 214 107 97 193 59 88 255 85 146 
154 0 130 214 125 138 220 109 132 211 107 100 194 62 92 250 87 144 
154 0 125 216 122 139 223 107 131 214 107 101 194 61 93 252 88 144 
151 0 113 209 123 152 219 109 143 213 104 112 196 65 104 241 94 134 
165 0 120 226 106 138 234 90 131 219 89 88 193 42 86 255 96 153 
173 0 128 219 102 132 226 89 128 211 93 87 186 46 84 255 96 159 
168 0 126 218 111 128 224 95 123 212 98 87 189 51 82 255 89 158 
177 0 138 216 104 122 222 88 118 205 92 81 185 47 81 255 94 166 
171 0 139 214 99 122 219 81 118 206 91 82 178 43 81 252 92 169 
177 0 128 218 103 133 224 85 130 213 92 92 187 46 88 254 100 160 
167 0 130 209 121 136 217 108 133 211 108 104 192 62 97 255 98 154 
163 0 129 218 111 127 225 94 119 209 99 82 188 51 81 255 88 162 
153 0 118 206 125 128 213 109 123 199 110 94 185 66 87 248 83 153 
161 0 118 217 122 134 224 105 127 212 106 91 194 59 85 255 88 147 
157 0 127 204 116 131 213 100 124 201 102 94 182 58 87 248 86 152 
161 0 123 216 120 130 223 100 121 210 105 87 188 56 80 254 85 153 
163 0 122 216 121 131 221 102 123 212 107 89 189 57 81 253 85 151 
162 0 120 214 122 133 222 104 128 211 108 92 189 61 84 252 85 149 
159 0 120 215 123 132 222 104 126 211 108 90 188 60 83 255 83 150 
161 0 120 214 120 132 223 104 125 211 106 91 190 59 83 252 87 151 
161 0 120 217 124 134 225 105 125 210 106 90 191 59 84 254 87 148 
161 0 117 216 123 134 224 107 126 211 107 90 193 60 83 254 85 148 
161 0 117 217 123 133 225 107 126 212 107 88 192 60 82 255 85 149 
157 0 121 211 118 130 220 106 124 209 108 89 188 60 81 254 82 151 
159 0 117 216 123 134 222 106 126 211 110 92 189 60 82 253 86 148 
161 0 120 214 121 132 220 105 125 209 110 93 190 60 83 252 85 150 
159 0 119 213 120 131 221 104 125 207 105 89 190 60 81 254 84 149 
163 0 119 212 119 135 218 105 127 210 108 95 187 61 85 250 86 149 
165 0 130 212 117 126 219 103 120 205 109 87 185 61 77 255 81 157 
167 0 128 215 120 126 222 104 119 207 109 84 187 59 76 255 81 158 
162 0 96 217 111 124 221 94 117 205 103 80 179 51 72 250 80 160 
182 0 95 220 107 112 226 90 106 204 101 68 180 48 63 255 82 174 
169 0 99 213 112 123 221 96 118 205 107 82 180 57 74 253 79 161 
138 0 94 197 125 116 203 102 110 187 113 80 166 67 71 235 62 158 
159 0 99 205 121 117 212 104 112 195 114 81 177 67 71 244 71 161 
167 0 111 210 118 117 216 103 110 201 114 80 179 62 70 249 75 163 
174 0 101 211 126 118 220 114 113 206 126 88 188 76 72 254 70 157 
165 0 117 213 119 124 220 106 119 203 111 85 185 65 75 254 77 158 
169 0 119 212 123 122 219 106 117 202 112 85 187 66 77 255 76 155 
164 0 113 214 120 126 221 103 121 207 109 86 188 61 78 253 79 153 
167 0 107 218 131 134 225 117 127 214 121 92 199 72 82 255 82 148 
168 0 108 223 114 133 230 99 126 212 96 82 190 49 78 254 92 157 
186 0 125 216 109 122 222 95 121 209 103 83 189 55 78 255 87 164 
175 0 119 218 113 124 224 97 118 207 106 81 185 53 76 255 89 164 
171 0 121 218 111 118 224 93 110 206 107 74 181 54 66 255 78 169 
164 0 129 209 117 116 215 99 108 197 111 76 175 60 69 250 72 164 
161 0 101 208 120 113 215 102 107 196 113 76 179 65 68 250 71 163 
