32 51 127 76 120 32 102 108 29 84 126 38 86 78 23 143 0 131 
29 32 117 53 112 33 79 101 26 59 112 36 61 77 25 121 0 137 
39 26 115 51 100 36 75 91 31 56 104 42 56 74 32 120 0 144 
30 40 124 62 118 34 88 109 29 66 117 38 71 84 25 131 0 130 
26 40 123 59 120 34 86 110 29 68 125 38 69 87 22 131 0 128 
25 72 142 92 137 26 119 123 24 97 139 31 101 87 15 159 0 121 
29 53 130 70 122 31 95 110 28 77 127 39 79 85 24 141 0 132 
46 51 128 79 107 30 104 96 29 86 109 34 84 67 26 148 0 147 
58 54 128 90 98 27 118 88 27 97 105 27 94 60 25 156 0 158 
64 42 124 76 87 38 99 78 39 82 92 44 78 62 43 150 0 155 
47 67 133 106 113 11 136 99 9 111 119 11 112 62 5 174 0 140 
48 32 118 59 99 40 83 93 36 63 107 45 64 81 36 125 0 150 
48 16 107 43 87 40 68 83 32 46 92 42 45 73 38 114 0 157 
54 38 117 71 93 27 98 84 25 76 98 28 72 59 25 139 0 158 
67 37 119 82 81 29 107 74 27 86 88 28 79 49 29 143 0 168 
65 42 121 84 85 29 109 76 27 91 94 30 82 53 28 147 0 166 
69 42 123 88 80 31 113 75 30 90 93 28 85 56 29 154 0 164 
32 37 123 58 118 33 88 114 27 66 133 40 69 97 21 127 0 137 
42 38 124 59 105 42 85 102 38 64 117 49 65 92 37 124 0 142 
42 53 132 75 114 35 103 104 32 84 122 41 80 81 27 138 0 145 
33 48 129 67 119 31 97 113 28 75 131 41 78 94 23 137 0 137 
43 45 126 70 105 29 97 98 26 76 118 37 73 78 25 135 0 149 
42 38 121 64 104 32 93 98 28 71 116 36 70 81 24 129 0 150 
43 34 119 61 101 33 85 97 29 69 115 40 65 79 29 124 0 150 
49 34 118 65 97 33 91 91 28 69 108 36 66 75 27 127 0 157 
55 30 114 62 88 33 87 85 26 67 102 36 63 69 29 123 0 163 
51 28 114 60 88 30 87 82 27 65 100 30 61 68 25 126 0 163 
53 29 114 60 89 33 87 85 27 66 105 35 62 72 28 124 0 162 
54 28 113 59 90 33 84 83 29 64 98 35 59 66 31 120 0 164 
44 47 126 74 104 29 101 98 27 79 115 33 79 79 24 136 0 149 
39 45 126 69 111 30 97 105 28 77 123 36 76 84 23 133 0 145 
41 44 126 68 107 31 95 102 28 75 121 37 73 84 23 133 0 145 
44 34 119 60 101 32 88 94 27 68 112 37 66 78 27 127 0 151 
40 43 125 68 109 30 95 102 26 75 122 38 74 85 24 133 0 144 
42 41 123 65 107 31 94 101 28 69 115 35 71 82 25 132 0 149 
43 40 122 65 103 31 92 97 27 71 115 36 71 80 26 131 0 149 
41 40 122 66 106 32 92 100 28 72 117 36 72 82 24 131 0 148 
37 42 125 63 110 35 92 103 30 71 122 39 72 90 27 131 0 141 
26 49 132 62 125 34 93 120 30 69 137 42 77 105 24 132 0 126 
27 51 133 65 125 35 93 118 32 71 136 44 76 103 24 132 0 127 
36 43 126 63 110 33 92 106 29 73 126 41 71 91 24 130 0 138 
36 42 124 62 110 33 91 105 28 72 125 40 73 90 25 130 0 140 
35 42 125 63 112 33 91 107 29 71 126 41 73 90 25 128 0 139 
32 47 127 64 117 34 92 110 29 69 126 38 73 94 24 130 0 138 
35 47 128 65 113 32 94 107 29 76 129 41 75 92 25 131 0 138 
35 45 127 65 112 33 94 106 28 73 125 38 74 89 24 132 0 139 
37 44 126 63 112 34 92 106 29 67 119 37 72 91 25 128 0 139 
35 42 123 62 110 31 88 104 27 68 121 34 71 88 23 129 0 142 
40 44 126 66 108 33 94 102 30 72 120 37 71 86 25 129 0 144 
38 52 132 73 115 32 99 107 29 80 127 38 82 91 25 137 0 138 
45 10 82 80 0 97 87 173 66 73 193 119 102 189 78 123 0 142 
38 16 83 85 0 90 91 177 74 81 199 124 106 192 82 121 0 136 
31 28 70 103 0 80 109 187 72 99 211 124 126 195 76 136 0 128 
44 21 70 99 0 94 101 177 65 90 203 114 116 189 70 135 0 139 
41 25 72 101 0 90 103 179 68 95 203 118 119 187 73 135 0 135 
25 32 74 104 0 73 108 192 80 101 209 130 129 197 85 137 0 121 
32 28 74 103 0 82 105 185 75 97 206 125 124 192 82 136 0 127 
40 26 72 102 0 89 106 178 69 93 202 117 120 190 74 135 0 136 
39 25 69 104 0 89 107 180 68 97 204 115 122 188 73 136 0 136 
38 36 66 112 0 88 117 180 72 106 203 117 131 186 71 141 0 132 
37 30 73 100 0 88 106 179 71 95 198 116 120 185 76 133 0 134 
27 44 76 112 0 77 114 186 87 106 199 128 134 188 86 140 0 121 
11 29 90 94 0 61 98 199 93 92 209 143 123 206 97 120 0 109 
12 19 106 76 0 60 79 194 99 79 204 154 108 208 106 109 0 107 
6 10 115 60 2 57 65 203 101 66 207 158 99 215 110 98 0 101 
20 31 94 85 2 67 94 188 91 90 200 137 117 195 93 122 0 115 
28 37 77 101 0 73 109 185 78 102 203 124 129 189 80 139 0 123 
31 42 70 110 0 74 117 185 76 114 206 120 135 182 76 148 0 125 
34 44 63 114 0 79 121 180 73 114 198 111 139 176 71 154 0 131 
33 48 60 119 0 76 124 179 72 121 204 114 143 175 70 158 0 131 
38 45 61 116 0 83 121 174 70 114 195 107 137 171 68 157 0 135 
39 48 56 121 0 83 127 175 68 117 193 103 142 169 65 161 0 137 
38 48 57 121 0 83 127 174 69 119 196 104 141 168 66 160 0 137 
36 48 59 119 0 79 127 178 68 120 200 106 142 171 68 160 0 133 
38 48 57 119 0 83 126 176 69 120 196 107 141 170 66 161 0 137 
40 46 66 111 0 84 119 172 73 112 192 110 135 170 72 156 0 135 
20 59 60 126 0 64 133 195 81 130 209 119 155 180 77 163 0 116 
34 51 63 122 0 79 124 176 76 119 195 111 142 171 72 161 0 131 
34 53 61 125 0 79 128 178 74 120 198 110 145 172 71 161 0 129 
35 41 67 112 0 80 115 179 72 109 200 112 133 178 69 148 0 131 
43 34 63 108 0 91 111 172 64 104 196 101 127 172 62 146 0 141 
32 47 61 121 0 80 124 181 70 116 197 105 144 174 68 159 0 129 
37 44 63 118 0 85 120 177 67 114 198 105 136 171 65 157 0 132 
37 45 60 119 0 85 123 174 68 115 195 103 139 168 65 158 0 133 
22 46 66 119 0 74 125 185 75 116 201 110 144 179 71 157 0 120 
33 45 68 116 0 84 121 177 70 115 195 107 137 170 68 154 0 128 
31 45 65 117 0 83 122 178 70 118 198 107 139 172 67 157 0 127 
31 46 65 119 0 85 122 175 68 118 196 104 140 169 65 157 0 128 
28 41 73 113 0 83 119 177 73 114 197 109 136 174 69 155 0 126 
31 36 73 107 0 88 113 174 68 105 194 104 128 173 66 146 0 130 
22 35 76 107 0 78 112 184 70 107 204 113 131 182 70 147 0 122 
19 35 77 104 0 76 111 185 73 105 201 113 132 183 72 144 0 119 
31 30 79 101 0 89 106 175 69 99 198 109 122 180 68 141 0 128 
15 19 91 82 0 78 89 188 75 83 205 119 114 195 75 124 0 117 
19 23 97 83 0 83 89 185 77 86 201 121 112 192 78 123 0 118 
17 24 94 86 0 81 93 186 77 87 203 121 114 194 78 124 0 117 
14 35 91 95 0 80 104 186 81 98 201 121 124 189 79 132 0 113 
23 28 86 98 0 89 101 179 71 95 201 113 118 184 71 135 0 125 
22 38 79 107 0 88 112 181 72 105 201 113 130 181 72 143 0 122 
16 24 101 83 0 82 88 185 82 84 200 126 111 193 83 119 0 114 
38 34 65 73 0 111 119 0 82 80 188 100 91 168 52 131 0 128 
30 44 65 72 0 96 119 0 72 92 196 102 100 170 51 135 0 119 
30 35 71 59 0 101 112 0 75 77 190 102 89 173 56 125 0 121 
29 39 69 72 0 99 112 0 71 83 196 102 92 172 51 128 0 121 
22 33 69 69 0 91 91 0 62 75 198 101 87 180 53 124 0 115 
36 35 68 73 0 103 95 0 75 75 188 96 86 169 52 127 0 127 
37 43 64 72 0 105 108 0 81 82 186 93 90 164 50 131 0 130 
37 36 65 75 0 106 98 0 77 75 188 90 82 164 46 128 0 131 
30 43 66 82 0 94 102 0 67 85 196 98 92 171 50 132 0 121 
37 45 66 72 0 103 109 0 74 82 186 94 87 165 51 134 0 128 
29 45 63 64 0 93 117 0 72 85 190 85 89 169 47 136 0 127 
27 48 63 60 0 102 120 0 78 87 192 85 89 168 46 134 0 126 
30 54 64 68 0 104 123 0 83 92 184 83 92 162 45 136 0 127 
29 56 62 66 0 98 122 0 78 92 187 82 93 161 44 137 0 125 
33 52 63 66 0 104 120 0 83 88 182 81 89 159 46 136 0 128 
32 50 61 63 0 103 117 0 81 86 184 78 88 161 44 136 0 130 
31 51 63 63 0 105 120 0 80 89 186 84 90 163 45 134 0 126 
23 61 68 75 0 86 120 0 68 98 192 91 100 168 51 140 0 113 
26 52 64 69 0 95 116 0 72 86 188 84 93 167 45 133 0 121 
24 59 68 72 0 90 121 0 70 94 188 89 99 167 51 137 0 118 
24 51 63 68 0 92 117 0 67 88 192 85 93 170 45 136 0 120 
25 48 71 61 0 93 109 0 68 84 190 95 89 172 55 129 0 117 
30 58 65 71 0 93 118 0 74 91 183 85 96 162 49 138 0 121 
25 59 61 82 0 89 125 0 73 97 181 75 103 152 39 147 0 120 
27 59 62 82 0 92 127 0 75 100 183 76 102 152 39 147 0 123 
26 58 62 83 0 88 126 0 72 98 182 72 102 151 37 149 0 122 
28 58 60 81 0 92 125 0 76 98 179 75 100 149 38 147 0 123 
28 58 60 80 0 90 125 0 74 97 178 73 99 149 39 146 0 123 
28 59 60 82 0 90 126 0 75 101 184 75 101 151 37 148 0 125 
28 59 61 82 0 90 126 0 74 98 180 73 100 149 37 148 0 123 
29 57 61 80 0 90 124 0 74 97 179 73 98 149 37 147 0 124 
27 57 59 80 0 89 125 0 76 99 183 76 99 151 39 146 0 124 
31 58 61 81 0 89 124 0 75 96 178 71 100 148 35 147 0 126 
31 56 60 80 0 93 123 0 78 92 171 71 97 145 38 146 0 127 
26 58 64 71 0 84 126 0 72 99 188 78 98 159 41 141 0 117 
30 62 61 80 0 90 132 0 79 98 174 69 100 146 38 149 0 125 
31 62 61 83 0 91 132 0 81 104 178 75 102 148 39 150 0 123 
28 58 63 75 0 87 124 0 77 92 176 72 97 151 41 144 0 122 
29 62 62 78 0 86 132 0 75 101 180 74 101 151 39 147 0 123 
30 61 60 79 0 87 131 0 76 100 180 72 101 152 38 149 0 123 
32 70 59 93 0 85 142 0 76 110 179 73 110 149 38 155 0 123 
20 45 68 50 0 86 108 0 71 82 188 81 84 166 43 126 0 113 
13 57 71 70 0 74 118 0 60 98 194 86 98 169 45 137 0 108 
25 52 69 70 0 82 103 0 65 89 179 78 86 155 43 134 0 121 
27 50 69 69 0 84 103 0 67 87 177 77 85 155 44 135 0 123 
26 49 68 69 0 82 105 0 68 85 177 75 87 157 42 135 0 121 
30 47 67 68 0 84 106 0 70 84 176 73 86 157 41 135 0 124 
30 46 65 69 0 85 106 0 69 84 176 71 86 153 39 134 0 125 
28 48 66 70 0 83 107 0 68 85 178 73 88 155 40 134 0 123 
31 48 63 71 0 85 106 0 71 86 175 71 86 151 38 137 0 127 
0 45 150 84 0 118 127 0 90 102 186 85 100 153 42 138 0 117 
0 38 143 85 0 112 128 0 86 105 183 87 102 150 44 143 0 117 
3 35 140 90 0 113 132 0 86 104 183 84 104 149 42 146 0 117 
2 33 158 88 0 114 131 0 85 104 186 83 103 148 41 145 0 119 
0 38 179 86 0 108 130 0 82 104 189 88 102 153 43 143 0 112 
0 33 187 86 0 108 133 0 81 106 191 83 105 154 40 145 0 112 
1 31 169 90 0 106 134 0 80 102 187 82 105 158 41 148 0 112 
6 28 178 89 0 110 132 0 88 108 183 87 104 149 45 147 0 119 
12 22 191 98 0 115 146 0 91 110 185 87 108 156 42 150 0 135 
13 14 188 100 0 111 144 0 84 109 198 97 111 157 42 150 0 125 
8 17 187 84 0 113 129 0 88 97 196 87 101 153 35 146 0 135 
23 25 189 89 0 128 129 0 103 99 174 82 101 136 41 148 0 144 
14 19 187 80 0 123 117 0 97 91 183 87 96 141 39 144 0 139 
5 24 188 77 0 117 119 0 90 92 184 82 99 139 34 141 0 131 
6 20 178 83 0 109 124 0 85 99 189 84 105 140 35 148 0 127 
15 15 181 91 0 120 131 0 96 104 177 76 109 129 33 151 0 137 
17 13 176 90 0 113 130 0 90 103 182 78 108 136 34 151 0 133 
11 15 161 91 0 105 131 0 86 108 186 82 113 138 34 152 0 126 
0 24 160 80 0 94 123 0 72 101 196 92 110 154 40 145 0 112 
0 21 158 82 0 94 126 0 75 103 190 90 111 147 39 148 0 113 
6 20 164 81 0 104 127 0 83 104 186 85 109 143 38 147 0 119 
4 18 158 84 0 98 128 0 75 101 187 83 110 146 36 150 0 119 
9 16 173 79 0 111 122 0 89 98 182 77 102 136 33 145 0 129 
6 16 174 79 0 108 124 0 88 97 181 73 103 135 29 147 0 132 
15 13 177 80 0 121 125 0 102 98 170 65 101 121 28 147 0 142 
14 11 176 81 0 116 126 0 96 100 177 70 103 127 30 149 0 139 
13 11 176 81 0 115 125 0 95 98 176 68 101 127 29 148 0 138 
16 11 178 82 0 118 126 0 98 101 175 70 102 124 29 148 0 139 
15 11 177 82 0 117 127 0 96 101 175 71 104 128 31 147 0 140 
13 11 177 82 0 115 125 0 94 96 174 65 103 127 28 148 0 139 
15 10 178 84 0 118 126 0 97 99 174 68 101 125 29 149 0 140 
15 12 177 83 0 116 126 0 96 100 176 69 103 126 29 150 0 140 
11 15 182 76 0 114 121 0 94 94 175 70 98 130 31 144 0 137 
2 11 162 81 0 97 131 0 77 107 196 79 113 145 28 154 0 120 
3 17 160 82 0 96 127 0 78 103 189 80 111 144 33 148 0 118 
8 16 164 81 0 99 125 0 82 99 183 77 105 140 34 145 0 125 
7 21 164 76 0 98 121 0 80 97 182 84 105 145 40 145 0 120 
0 26 155 76 0 81 124 0 63 103 203 97 110 162 40 144 0 106 
0 22 164 76 0 82 127 0 66 105 197 93 115 154 39 153 0 110 
1 25 160 77 0 89 125 0 71 107 201 98 114 155 41 149 0 108 
0 28 171 68 0 98 118 0 75 94 194 90 104 152 36 140 0 114 
0 41 177 52 0 100 100 0 77 79 189 95 88 155 43 124 0 114 
0 45 177 48 0 102 96 0 79 76 188 94 83 152 42 120 0 117 
9 20 173 73 0 105 122 0 84 98 183 79 104 138 32 145 0 127 
11 13 167 81 0 104 132 0 84 108 185 81 114 137 36 155 0 123 
11 8 159 85 0 98 136 0 81 113 185 82 118 137 36 159 0 122 
16 6 157 91 0 97 140 0 81 114 184 82 123 139 38 164 0 120 
16 6 159 90 0 98 141 0 81 117 186 81 120 134 35 163 0 123 
20 6 163 92 0 98 140 0 76 112 187 78 121 142 35 164 0 123 
0 30 165 66 0 93 115 0 75 93 190 88 101 150 38 137 0 115 
78 84 37 48 0 121 87 0 112 134 0 111 126 0 121 116 0 142 
65 86 35 45 0 109 89 0 100 135 0 96 143 0 106 119 0 132 
69 75 37 40 0 117 78 0 104 121 0 101 124 0 107 112 0 131 
66 85 38 47 0 107 92 0 96 136 0 96 142 0 106 119 0 130 
60 71 35 30 0 103 76 0 88 120 0 90 131 0 98 108 0 125 
57 73 41 32 0 99 77 0 85 115 0 87 130 0 95 106 0 121 
60 77 39 38 0 100 83 0 88 120 0 87 134 0 98 112 0 123 
67 78 37 41 0 105 86 0 92 122 0 90 133 0 101 113 0 130 
64 81 37 45 0 101 89 0 87 124 0 86 133 0 98 117 0 127 
60 74 39 44 0 98 86 0 84 121 0 85 128 0 94 119 0 126 
58 70 49 41 0 95 81 0 81 111 0 83 119 0 90 115 0 121 
54 63 36 29 0 92 73 0 74 109 0 80 119 0 86 110 0 119 
54 74 37 39 0 88 82 0 73 118 0 74 134 0 84 115 0 118 
73 84 39 53 0 101 94 0 88 138 0 92 140 0 107 125 0 132 
83 95 33 62 0 103 104 0 90 139 0 92 138 0 111 137 0 146 
81 89 33 58 0 103 100 0 91 138 0 92 136 0 108 133 0 147 
86 87 32 57 0 106 99 0 92 139 0 97 136 0 110 132 0 150 
83 91 33 58 0 102 101 0 91 137 0 95 138 0 111 132 0 146 
77 77 33 49 0 101 91 0 89 127 0 87 129 0 99 124 0 142 
76 76 36 49 0 102 90 0 87 125 0 90 126 0 97 120 0 141 
73 74 36 46 0 97 87 0 83 118 0 83 124 0 93 120 0 138 
71 73 36 43 0 96 85 0 83 116 0 86 122 0 94 119 0 134 
66 77 37 49 0 91 91 0 78 123 0 82 128 0 89 121 0 131 
61 78 36 47 0 83 90 0 70 121 0 75 129 0 84 123 0 124 
59 77 40 49 0 82 88 0 70 119 0 73 128 0 80 125 0 122 
55 76 39 47 0 80 88 0 67 119 0 72 130 0 80 125 0 119 
56 77 40 47 0 80 88 0 68 118 0 71 127 0 81 126 0 120 
53 77 40 44 0 79 90 0 69 117 0 68 131 0 80 121 0 114 
56 74 41 48 0 86 89 0 72 119 0 74 138 0 83 124 0 120 
57 79 41 46 0 91 91 0 82 130 0 81 151 0 90 123 0 120 
65 79 41 47 0 100 92 0 93 137 0 90 154 0 95 123 0 128 
74 75 39 45 0 107 86 0 100 134 0 98 148 0 105 120 0 134 
71 78 37 43 0 103 85 0 97 132 0 95 146 0 103 123 0 134 
66 77 34 44 0 98 88 0 88 132 0 88 151 0 97 122 0 130 
69 74 35 45 0 101 88 0 93 134 0 92 148 0 97 121 0 133 
69 78 37 45 0 99 88 0 92 132 0 88 147 0 99 123 0 133 
70 76 35 46 0 100 89 0 93 130 0 90 148 0 100 123 0 134 
68 73 34 43 0 99 86 0 92 130 0 90 146 0 97 122 0 133 
70 76 37 43 0 99 86 0 92 129 0 91 145 0 99 123 0 132 
69 78 37 46 0 100 89 0 94 133 0 93 147 0 100 123 0 133 
67 75 36 47 0 97 87 0 91 132 0 89 149 0 98 122 0 132 
70 74 35 46 0 100 88 0 92 132 0 93 146 0 101 124 0 134 
71 75 36 46 0 100 88 0 94 133 0 93 148 0 102 123 0 134 
64 75 38 46 0 96 87 0 90 133 0 89 144 0 96 123 0 130 
62 74 37 42 0 92 84 0 87 125 0 84 143 0 92 121 0 126 
65 74 38 44 0 96 86 0 89 128 0 88 145 0 95 122 0 129 
58 76 41 48 0 90 89 0 81 128 0 79 150 0 89 124 0 122 
59 70 32 42 0 95 86 0 81 128 0 77 145 0 82 120 0 127 
68 70 40 43 0 100 84 0 92 125 0 90 139 0 95 120 0 132 
80 75 35 49 0 113 91 0 105 137 0 102 144 0 111 125 0 148 
2 27 211 57 0 135 103 0 116 151 0 108 155 0 125 135 0 136 
4 34 205 71 0 117 109 0 103 152 0 94 164 0 117 139 0 133 
4 29 191 73 0 117 114 0 100 155 0 89 170 0 116 147 0 131 
6 24 179 81 0 107 118 0 90 159 0 83 173 2 111 152 0 121 
8 21 179 83 0 108 122 0 91 157 0 80 174 5 110 154 0 125 
9 14 178 83 0 108 120 0 92 153 0 80 173 12 109 156 0 122 
21 3 168 102 0 105 140 0 88 171 8 72 188 21 110 167 0 126 
18 1 162 102 0 100 139 0 83 169 8 68 187 21 109 168 0 123 
36 0 162 122 0 110 159 0 92 190 23 79 200 33 119 184 0 132 
30 0 167 112 0 109 148 0 92 181 13 79 192 26 117 181 0 134 
35 0 167 118 0 113 156 0 96 185 15 81 195 29 121 181 0 137 
27 5 175 99 0 115 136 0 101 171 4 90 177 17 120 163 0 136 
0 32 166 71 0 88 104 0 71 134 0 61 157 2 81 136 0 107 
0 41 161 54 0 82 89 0 69 117 0 63 146 0 76 125 0 101 
0 44 159 48 0 80 83 0 69 117 0 68 139 0 77 118 0 99 
0 45 167 37 0 84 68 0 73 104 0 72 130 0 75 115 0 99 
0 45 166 51 0 84 83 0 72 116 0 69 139 0 76 121 0 101 
0 40 165 50 0 82 83 0 71 117 0 68 140 0 76 123 0 105 
0 32 161 56 0 80 91 0 72 126 0 70 147 0 82 129 0 106 
8 20 166 74 0 94 108 0 82 144 0 74 159 1 95 144 0 120 
16 7 158 90 0 91 125 0 78 159 2 67 174 9 91 159 0 125 
21 5 179 79 0 106 116 0 95 157 0 88 165 0 110 148 0 142 
26 8 175 85 0 114 120 0 104 160 0 95 165 0 120 151 0 143 
19 2 168 84 0 90 120 0 75 157 0 68 172 0 93 150 0 124 
18 9 176 74 0 98 107 0 87 143 0 82 153 0 104 139 0 135 
10 8 158 75 0 78 109 0 68 141 0 62 162 0 89 144 0 120 
8 16 173 62 0 92 96 0 80 134 0 77 149 0 94 131 0 130 
8 22 183 55 0 100 89 0 88 126 0 85 137 0 99 122 0 132 
13 29 186 44 0 107 76 0 95 113 0 93 123 0 105 112 0 139 
0 41 193 43 0 99 77 0 87 115 0 83 135 0 95 112 0 132 
0 40 187 43 0 93 77 0 82 113 0 76 137 0 89 113 0 127 
5 36 192 49 0 105 84 0 94 130 0 91 142 0 102 116 0 135 
14 19 177 73 0 95 106 0 85 142 0 78 160 0 99 136 0 133 
15 12 184 73 0 96 107 0 86 141 0 79 158 0 107 141 0 142 
24 4 172 87 0 94 122 0 81 152 1 71 169 6 99 153 0 135 
13 5 153 90 0 74 125 0 65 150 5 57 174 14 90 155 0 119 
10 12 152 84 0 73 115 0 62 140 8 56 166 15 86 153 0 118 
13 5 149 92 0 69 123 0 60 145 14 51 173 19 85 156 0 121 
16 5 161 85 0 82 119 0 72 149 4 65 169 9 94 153 0 123 
17 7 159 85 0 82 119 0 72 149 2 65 167 5 96 150 0 123 
15 7 161 86 0 83 120 0 72 146 0 63 167 7 91 149 0 124 
16 7 160 84 0 83 118 0 72 148 1 66 167 6 95 150 0 124 
14 7 160 83 0 82 116 0 72 147 1 66 165 6 93 148 0 124 
15 7 159 84 0 81 116 0 70 149 1 66 166 5 91 149 0 124 
14 7 160 82 0 81 117 0 73 145 0 65 165 4 93 150 0 125 
20 5 160 87 0 85 121 0 76 154 2 69 169 6 99 150 0 126 
5 17 166 70 0 81 102 0 69 135 0 65 156 1 88 137 0 117 
0 24 161 65 0 75 96 0 65 129 1 63 150 1 81 133 0 112 
2 21 160 68 0 74 101 0 63 130 0 61 151 2 80 135 0 113 
0 24 164 65 0 76 96 0 65 122 0 60 149 1 80 131 0 112 
15 47 80 44 0 100 77 0 99 133 0 76 101 151 28 123 0 115 
24 60 70 49 0 103 82 0 108 139 0 90 117 124 33 127 0 121 
21 68 68 55 0 96 88 0 101 141 0 82 126 124 36 134 0 116 
16 65 67 54 0 95 90 0 98 143 0 77 127 128 33 130 0 113 
19 64 70 54 0 98 88 0 99 139 0 78 124 129 35 131 0 114 
27 71 72 58 0 100 90 0 104 145 0 90 123 120 42 133 0 117 
7 55 74 40 0 85 77 0 81 132 0 64 127 147 34 121 0 100 
19 60 72 50 0 92 86 0 91 140 0 71 124 134 36 127 0 111 
12 63 71 49 0 85 86 0 85 142 0 67 130 140 35 130 0 104 
19 60 66 46 0 93 81 0 95 138 0 76 121 131 34 128 0 114 
31 61 62 50 0 105 85 0 108 138 0 87 112 120 33 128 0 126 
22 64 67 48 0 95 84 0 96 141 0 79 124 131 33 127 0 112 
23 56 73 46 0 99 82 0 96 135 0 75 117 136 36 123 0 115 
19 57 72 43 0 94 79 0 92 133 0 73 119 137 34 122 0 111 
24 55 75 43 0 98 79 0 96 135 0 78 115 134 37 122 0 115 
22 59 71 46 0 95 82 0 93 138 0 73 118 132 31 127 0 116 
24 59 69 45 0 97 79 0 95 133 0 74 118 131 34 125 0 116 
30 64 70 50 0 102 85 0 104 138 0 87 120 124 39 126 0 119 
24 65 71 51 0 96 88 0 94 143 0 75 124 131 37 129 0 114 
20 66 73 51 0 91 86 0 90 140 0 73 125 135 39 129 0 109 
14 68 76 51 0 82 89 0 82 145 0 68 131 137 38 132 0 105 
23 67 73 50 0 101 92 0 93 144 0 75 125 130 39 131 0 113 
25 62 71 44 0 100 84 0 98 142 0 80 119 131 36 127 0 117 
27 63 67 46 0 107 85 0 102 149 0 80 117 125 29 131 0 121 
29 60 65 47 0 109 83 0 106 146 0 83 113 126 28 127 0 125 
36 58 63 48 0 116 85 0 112 144 0 91 107 120 30 128 0 130 
34 57 62 49 0 112 84 0 111 143 0 87 105 123 28 126 0 130 
35 63 58 53 0 112 90 0 108 149 0 89 111 121 28 130 0 128 
35 62 58 52 0 114 88 0 110 145 0 90 110 116 29 131 0 130 
32 66 58 52 0 107 90 0 105 148 0 85 116 120 33 132 0 123 
28 62 61 49 0 104 87 0 100 144 0 78 115 126 31 131 0 121 
29 63 59 49 0 103 86 0 101 147 0 81 115 124 29 130 0 121 
30 63 59 50 0 104 87 0 102 146 0 82 114 125 31 129 0 123 
26 63 59 49 0 101 86 0 98 148 0 78 116 128 29 131 0 119 
29 63 59 49 0 104 87 0 102 144 0 81 114 125 29 130 0 121 
29 63 61 50 0 104 88 0 101 146 0 80 116 126 31 131 0 121 
31 64 60 51 0 106 88 0 104 147 0 83 116 123 31 130 0 125 
32 61 60 47 0 105 83 0 103 144 0 83 111 125 31 128 0 123 
21 64 60 50 0 95 88 0 92 148 0 73 120 131 28 131 0 114 
24 61 60 46 0 95 84 0 92 135 0 70 113 132 29 130 0 118 
30 58 64 45 0 103 83 0 99 137 0 78 111 130 34 124 0 119 
25 58 62 45 0 98 84 0 93 140 0 74 113 134 31 125 0 117 
29 59 63 49 0 101 86 0 97 141 0 78 111 129 31 128 0 120 
32 61 61 49 0 103 87 0 99 141 0 78 110 125 31 129 0 123 
27 65 63 52 0 96 88 0 93 142 0 74 118 127 32 131 0 118 
26 58 63 47 0 98 84 0 93 135 0 72 111 133 32 127 0 117 
28 62 62 48 0 100 84 0 94 138 0 72 110 129 30 127 0 119 
26 59 62 46 0 98 82 0 93 136 0 71 111 130 30 128 0 119 
27 59 60 47 0 97 84 0 94 141 0 75 109 130 29 127 0 119 
17 58 73 41 0 87 79 0 83 135 0 66 116 141 39 120 0 109 
16 55 59 43 0 98 89 0 74 110 167 47 138 0 74 127 0 122 
20 53 64 38 0 105 81 0 79 105 174 58 128 0 74 119 0 122 
29 58 77 42 0 103 79 0 86 102 158 71 121 4 84 120 0 125 
37 52 66 39 0 120 84 0 97 99 155 51 128 0 81 122 0 135 
14 49 71 35 0 90 81 0 68 104 182 63 125 1 61 116 0 115 
20 50 68 29 0 102 83 0 81 106 172 62 126 0 64 117 0 122 
23 53 66 38 0 106 89 0 82 106 169 59 129 1 63 123 0 122 
38 63 57 51 0 115 99 0 94 116 153 49 135 0 79 133 0 134 
46 63 51 61 0 124 106 0 101 117 141 44 138 0 87 139 0 146 
42 74 47 68 0 115 115 0 97 131 147 47 151 0 88 149 0 140 
49 78 43 71 0 119 118 0 105 130 137 40 153 0 94 151 0 150 
47 76 45 70 0 116 118 0 102 132 140 43 151 0 92 151 0 146 
48 77 45 71 0 116 119 0 104 127 135 40 148 0 92 150 0 147 
48 68 47 63 0 120 111 0 104 123 139 44 142 0 91 143 0 146 
31 85 51 77 0 95 125 0 85 138 153 51 154 6 74 157 0 130 
44 74 49 69 0 112 115 0 99 126 144 46 145 0 86 149 0 139 
38 83 47 74 0 100 121 0 90 133 147 45 152 1 82 153 0 135 
45 79 47 74 0 108 121 0 98 130 144 44 150 0 86 153 0 142 
48 74 46 69 0 115 116 0 103 124 138 41 146 0 91 149 0 146 
48 71 47 69 0 114 115 0 103 127 142 44 145 0 88 146 0 146 
38 60 50 53 0 106 100 0 91 113 154 46 134 0 74 136 0 137 
36 57 56 48 0 105 95 0 90 108 153 48 129 0 71 131 0 134 
39 65 51 55 0 105 101 0 92 113 149 46 134 0 78 136 0 137 
41 63 53 56 0 106 102 0 94 116 150 47 134 0 79 136 0 139 
38 64 53 58 0 104 104 0 92 116 152 47 136 0 78 136 0 135 
33 62 55 52 0 99 100 0 87 115 159 51 132 0 70 134 0 131 
41 63 54 57 0 105 101 0 94 115 151 47 135 0 79 136 0 138 
41 66 51 59 0 105 104 0 94 117 147 47 138 0 81 139 0 140 
44 73 48 67 0 105 112 0 95 124 142 45 145 0 86 145 0 141 
46 70 48 65 0 106 111 0 96 126 146 44 141 0 82 146 0 143 
46 72 48 67 0 108 112 0 95 123 144 43 143 0 84 146 0 145 
42 67 48 63 0 104 108 0 93 118 145 42 139 0 80 143 0 143 
43 72 48 65 0 104 110 0 93 125 149 47 142 0 80 147 0 141 
46 73 48 67 0 107 113 0 97 124 145 46 144 0 86 146 0 142 
45 72 48 66 0 105 112 0 96 123 145 44 142 0 84 147 0 140 
46 72 47 66 0 105 112 0 97 123 145 44 144 0 85 144 0 143 
44 69 49 66 0 106 112 0 95 125 147 47 144 0 83 145 0 141 
47 71 47 68 0 108 114 0 99 125 144 43 144 0 85 146 0 144 
47 71 47 65 0 108 112 0 98 124 145 44 144 0 86 144 0 145 
44 70 48 66 0 105 111 0 93 126 149 46 142 0 81 145 0 141 
23 89 53 68 0 81 133 0 66 145 173 53 152 13 50 145 0 118 
35 87 59 72 0 99 124 0 88 135 155 61 144 15 64 145 0 119 
33 76 57 60 0 91 107 0 79 120 156 57 129 12 64 139 0 120 
18 80 64 65 0 73 114 0 62 127 171 63 134 23 49 138 0 106 
16 70 70 54 0 73 99 0 60 114 172 68 121 26 47 128 0 105 
18 70 65 58 0 75 105 0 63 121 173 64 126 20 47 130 0 108 
22 74 63 62 0 76 112 0 65 123 167 59 131 17 48 136 0 110 
23 70 61 57 0 77 105 0 65 119 167 58 124 15 50 133 0 113 
24 66 61 55 0 79 97 0 69 112 165 56 125 16 50 131 0 111 
32 78 56 67 0 89 120 0 76 125 157 55 136 13 60 140 0 120 
25 46 75 65 0 101 104 130 33 151 2 63 149 0 113 131 0 135 
28 43 82 58 0 102 98 131 40 140 10 61 139 0 112 126 0 135 
23 71 139 77 0 97 116 141 45 154 30 54 153 0 99 141 0 124 
13 50 101 48 0 81 89 161 48 116 23 38 129 0 94 116 0 119 
5 57 124 67 0 69 107 172 20 131 27 16 150 0 98 131 0 131 
18 70 67 78 0 61 113 149 42 139 28 46 148 0 100 143 0 126 
30 83 59 94 0 78 129 140 44 161 35 49 166 0 102 160 0 129 
8 84 67 81 9 49 120 171 50 133 48 31 152 2 78 157 0 105 
17 75 68 76 1 61 107 154 48 132 37 40 145 0 86 149 0 115 
17 84 64 82 4 58 117 156 48 137 39 42 151 0 90 151 0 116 
43 51 50 60 0 91 91 121 29 131 0 62 136 0 126 139 0 154 
4 34 77 23 6 60 61 158 44 95 18 40 105 0 91 102 0 114 
16 49 84 48 13 70 79 154 54 99 28 47 113 0 90 114 0 115 
6 34 93 26 21 66 57 162 59 80 27 35 95 0 81 99 0 108 
7 50 85 43 19 58 79 164 55 98 36 34 113 0 80 114 0 106 
21 63 67 70 2 68 98 149 47 128 33 40 138 0 89 138 0 124 
29 72 61 77 0 74 111 143 43 147 37 48 153 0 99 147 0 130 
29 44 47 51 0 89 82 134 24 139 0 45 146 0 107 122 0 136 
36 48 68 47 0 78 78 138 40 126 6 50 133 0 108 116 0 130 
29 41 64 42 0 81 73 138 38 133 0 58 136 0 109 112 0 129 
48 47 60 46 0 95 76 111 36 136 0 86 135 0 130 114 0 145 
27 48 66 71 0 87 104 132 32 139 14 50 152 0 107 129 0 133 
23 38 77 58 0 100 93 113 32 129 16 47 145 0 106 123 0 132 
24 36 83 59 0 98 91 103 27 128 12 52 141 0 100 119 0 129 
20 34 90 58 0 99 95 104 27 135 0 62 138 0 110 115 0 130 
14 31 92 49 0 93 73 113 32 136 0 68 146 0 104 115 0 128 
13 37 89 51 0 91 73 114 33 131 0 61 143 0 105 118 0 125 
19 32 88 53 0 96 80 103 31 138 0 63 144 0 108 120 0 126 
17 33 91 51 0 94 78 109 32 131 0 62 141 0 106 117 0 127 
12 40 89 55 0 84 89 114 31 131 3 53 141 0 98 121 0 120 
13 39 86 58 0 87 88 114 28 137 6 56 144 0 100 122 0 120 
12 34 92 51 0 89 79 112 33 125 1 56 135 0 97 118 0 121 
11 36 95 50 0 87 79 118 34 126 7 55 133 0 94 118 0 116 
8 36 94 50 0 85 78 117 31 122 3 52 133 0 95 118 0 117 
10 34 93 50 0 86 77 112 33 122 0 55 132 0 98 116 0 119 
13 40 92 53 0 89 82 114 33 130 5 59 136 0 100 118 0 119 
14 38 87 56 0 89 83 111 29 131 0 55 138 0 102 121 0 123 
18 31 89 52 0 94 79 107 31 130 0 58 134 0 99 119 0 125 
21 28 87 52 0 97 76 100 31 131 0 65 133 0 106 116 0 132 
18 30 89 51 0 94 76 104 31 130 0 60 132 0 101 116 0 128 
18 31 86 52 0 94 79 105 29 133 0 60 136 0 104 118 0 128 
18 33 87 54 0 93 81 107 30 131 1 58 136 0 101 119 0 126 
13 32 94 48 0 89 74 113 32 125 6 56 130 0 94 116 0 120 
19 35 88 55 0 93 80 109 31 135 4 61 137 0 101 118 0 125 
15 34 92 52 0 92 77 111 34 125 1 57 132 0 98 115 0 122 
16 32 91 51 0 92 77 109 31 127 0 56 132 0 99 117 0 124 
19 36 88 56 0 93 81 108 32 130 2 58 135 0 100 120 0 127 
17 36 87 56 0 92 81 106 30 132 1 56 135 0 100 122 0 126 
17 33 89 53 0 91 78 109 32 129 1 56 133 0 98 117 0 124 
18 34 87 54 0 92 81 109 33 133 3 60 136 0 101 118 0 124 
12 30 107 52 107 41 112 0 91 161 0 95 149 0 106 123 0 130 
13 21 109 54 100 36 116 0 91 160 0 95 142 0 107 119 0 136 
9 23 111 53 105 36 113 0 83 154 0 88 140 0 101 117 0 128 
11 27 126 57 106 36 111 0 79 148 0 85 133 0 106 122 0 130 
7 30 129 50 112 41 105 0 78 150 0 83 136 0 95 117 0 121 
0 40 140 47 128 43 93 0 72 141 0 73 136 0 84 111 0 108 
3 30 123 42 114 43 93 0 82 144 0 79 141 0 87 111 0 119 
4 22 120 38 107 40 91 0 83 142 0 82 135 0 91 110 0 125 
7 24 118 42 104 40 97 0 86 149 0 86 141 0 94 113 0 129 
24 25 105 82 98 33 128 0 77 154 0 76 147 0 96 129 0 131 
17 27 96 75 100 29 114 0 98 168 0 95 156 0 101 130 0 132 
21 27 93 85 94 28 137 0 95 178 0 96 161 0 101 131 0 135 
19 15 104 68 90 30 113 0 99 153 0 100 138 0 108 120 0 140 
30 10 107 60 77 37 116 0 107 154 0 106 137 0 115 119 0 145 
17 19 99 69 95 28 114 0 92 154 0 93 133 0 110 124 0 136 
26 11 99 68 82 30 115 0 105 153 0 109 123 0 121 120 0 147 
26 12 95 71 81 28 119 0 101 155 0 102 127 0 119 125 0 148 
27 13 96 74 81 30 121 0 102 156 0 104 126 0 121 127 0 150 
30 12 97 73 79 31 124 0 103 159 0 105 130 0 120 125 0 147 
29 14 96 76 80 30 124 0 104 159 0 106 130 0 118 127 0 148 
24 19 93 78 88 26 124 0 94 160 0 102 133 0 114 129 0 142 
25 14 97 75 83 29 123 0 98 160 0 103 131 0 115 127 0 145 
14 25 89 84 98 24 130 0 87 163 0 87 141 0 105 135 0 135 
17 25 97 79 94 29 124 0 91 159 0 94 135 0 107 130 0 133 
10 29 109 70 106 31 118 0 81 154 0 84 131 0 92 128 0 120 
0 47 122 62 132 39 74 0 77 121 0 77 125 0 73 114 0 101 
0 44 131 56 135 43 81 6 59 121 0 64 121 0 68 106 0 100 
0 42 141 46 136 48 46 11 69 92 0 74 98 0 81 93 1 101 
0 30 138 43 119 41 53 0 74 100 0 84 94 0 97 81 0 115 
14 12 137 42 98 43 57 0 85 103 0 91 97 0 102 90 0 131 
4 17 140 34 108 43 47 0 78 91 0 83 89 0 95 87 0 124 
0 21 143 34 118 44 44 5 71 87 0 76 88 0 87 91 0 117 
9 25 137 46 109 45 57 0 77 101 0 84 98 0 97 91 0 121 
2 29 137 46 118 42 57 8 70 98 0 79 96 0 95 95 0 116 
7 16 124 54 100 32 71 0 72 123 0 81 116 0 102 98 0 131 
0 24 124 51 118 33 61 2 62 104 0 69 104 0 90 104 0 121 
6 25 126 55 111 38 69 4 67 109 0 70 111 0 89 110 0 120 
0 32 127 54 119 37 64 4 64 103 0 70 104 0 88 105 0 112 
11 38 103 86 109 33 100 5 59 139 0 66 137 0 90 134 0 121 
20 27 97 84 94 31 98 0 73 137 0 79 135 0 108 133 0 138 
15 13 106 68 92 28 82 0 73 124 0 79 120 0 109 122 0 146 
26 12 104 70 81 31 86 0 83 132 0 91 122 0 117 123 0 150 
22 13 106 71 84 32 89 0 81 130 0 86 121 0 113 124 0 147 
23 12 104 70 80 29 87 0 83 129 0 91 118 0 117 121 0 150 
24 11 103 68 79 30 86 0 82 129 0 91 118 0 117 123 0 152 
25 12 105 68 82 32 86 0 83 128 0 89 118 0 117 122 0 149 
28 10 103 70 78 33 88 0 85 128 0 88 120 0 117 121 0 151 
0 21 120 53 121 23 66 1 47 108 0 51 109 0 72 110 0 115 
4 21 123 50 106 34 64 0 68 103 0 74 98 0 93 103 0 126 
5 23 124 53 107 36 68 2 64 106 0 71 101 0 88 107 0 126 
148 0 91 212 120 119 222 108 130 223 110 113 188 48 86 248 72 165 
168 0 120 220 100 121 231 89 133 225 91 106 186 34 85 254 80 176 
147 0 170 178 97 87 188 88 100 180 99 91 155 57 78 239 53 186 
154 0 122 214 104 109 223 94 119 217 101 97 181 42 73 250 68 180 
151 0 127 209 102 106 216 91 116 213 98 96 174 43 73 246 66 184 
151 0 123 207 104 105 220 94 116 214 100 94 176 43 70 248 64 184 
154 0 122 211 102 110 222 91 119 215 96 95 177 39 74 247 68 182 
151 0 122 210 104 108 220 94 117 214 100 97 179 45 72 247 67 181 
155 0 125 211 102 108 222 93 117 216 100 97 178 45 73 247 68 182 
154 0 122 212 105 111 222 95 120 218 101 98 179 44 74 250 69 178 
147 0 119 209 109 109 218 99 118 212 105 96 178 49 72 246 65 181 
167 0 104 219 100 117 229 92 128 224 96 102 184 36 77 254 77 181 
157 0 114 205 101 110 218 91 121 210 96 98 173 43 74 247 69 185 
167 0 121 213 103 105 225 97 116 217 107 95 181 51 68 251 63 184 
151 0 106 214 115 110 225 103 119 223 114 103 187 52 73 249 62 174 
152 0 116 209 110 103 220 99 112 212 108 94 178 52 68 247 57 181 
152 0 116 211 106 102 221 94 113 212 101 90 175 48 65 245 58 187 
157 0 118 210 102 100 221 91 112 212 100 90 174 46 67 247 63 189 
154 0 117 208 102 101 219 92 111 214 104 91 173 47 66 245 61 190 
156 0 117 209 101 100 221 91 111 213 101 91 175 46 66 247 62 189 
154 0 117 205 102 101 220 91 111 208 100 88 174 46 66 246 62 189 
154 0 117 209 102 102 220 91 112 210 98 87 171 45 65 245 63 189 
154 0 118 205 100 101 217 91 111 209 99 87 170 47 66 244 63 190 
160 0 115 214 99 102 225 89 112 216 98 89 176 43 64 248 65 191 
157 0 117 209 99 101 220 89 112 212 100 88 173 44 66 246 64 191 
158 0 118 209 100 102 219 90 112 213 101 89 171 45 65 245 63 191 
157 0 119 210 101 101 221 90 112 213 102 91 171 45 65 244 63 190 
157 0 116 210 99 101 222 89 111 210 97 85 172 44 64 246 63 191 
154 0 119 207 101 102 218 90 111 207 98 87 172 46 64 245 63 191 
154 0 118 205 101 101 218 90 112 210 100 89 170 46 65 244 61 189 
154 0 119 206 102 102 218 91 111 207 99 88 169 48 66 243 63 190 
155 0 118 208 101 101 219 92 110 213 103 89 172 48 64 245 63 189 
156 0 118 208 101 101 220 90 110 209 98 86 172 45 63 247 62 192 
155 0 117 207 101 101 219 91 112 213 103 91 172 47 66 244 63 191 
155 0 118 205 100 100 217 90 110 206 96 85 170 46 65 244 61 190 
155 0 119 207 99 100 218 89 111 208 98 86 170 44 65 244 63 192 
156 0 119 209 100 100 220 89 111 209 99 86 171 46 65 243 63 191 
160 0 118 209 100 102 221 89 111 211 100 87 172 47 65 244 64 191 
152 0 116 203 101 98 215 91 109 206 100 87 169 48 65 243 61 190 
159 0 120 210 99 101 221 88 112 209 98 87 171 46 65 246 64 193 
162 0 119 211 96 102 221 84 112 210 93 86 171 42 64 247 65 194 
158 0 119 210 97 103 221 86 113 213 98 88 171 42 66 244 66 192 
162 0 119 207 95 103 220 85 114 214 97 92 170 42 67 245 69 192 
165 0 120 210 89 104 220 79 114 211 88 86 168 37 66 246 72 195 
161 0 119 209 93 104 220 80 112 209 89 87 167 38 66 244 71 196 
