<<<<<<< .mine
0.9725490196078431 0.3176470588235294 0.4117647058823529 0.4 0.3843137254901961 0.9411764705882353 
1.0 1.0 1.0 1.0 0.6823529411764706 0.5450980392156862 
1.0 1.0 1.0 1.0 0.6980392156862745 0.5764705882352941 
1.0 1.0 1.0 1.0 0.37254901960784315 0.8745098039215686 
0.9294117647058824 0.8196078431372549 0.8274509803921568 0.8352941176470589 0.3333333333333333 1.0 
0.1843137254901961 0.6039215686274509 0.48627450980392156 0.047058823529411764 0.5098039215686274 1.0 
0.24313725490196078 0.6705882352941176 0.28627450980392155 0.8431372549019608 0.40784313725490196 0.6862745098039216 
0.796078431372549 0.6470588235294118 0.9647058823529412 1.0 0.9607843137254902 0.2196078431372549 
=======
0.36470588235294116 0.41568627450980394 0.403921568627451 0.3176470588235294 0.8549019607843137 1.0 
1.0 1.0 1.0 0.8980392156862745 0.4392156862745098 1.0 
1.0 1.0 1.0 1.0 0.41568627450980394 1.0 
1.0 1.0 1.0 0.7725490196078432 0.5607843137254902 1.0 
0.8196078431372549 0.29411764705882354 0.8196078431372549 0.32941176470588235 0.9137254901960784 1.0 
0.6823529411764706 0.5098039215686274 0.5372549019607843 0.8823529411764706 1.0 1.0 
0.6549019607843137 0.7450980392156863 1.0 1.0 1.0 1.0 
0.5686274509803921 0.3568627450980392 0.4235294117647059 0.396078431372549 0.4235294117647059 0.396078431372549 
>>>>>>> .r37
