1 46 101 80 151 40 116 145 42 86 126 37 111 92 25 136 0 104 
1 43 105 75 147 40 108 144 40 79 122 35 102 93 23 130 0 106 
3 43 103 76 145 41 108 141 42 81 119 36 103 90 24 131 0 107 
1 44 104 75 147 40 107 143 41 81 122 36 102 91 24 130 0 106 
7 25 112 60 130 38 90 130 35 64 102 34 85 79 23 116 0 121 
13 17 115 57 120 38 84 121 33 60 94 36 77 68 26 113 0 131 
10 20 114 57 125 37 86 122 33 62 97 34 81 72 23 115 0 130 
12 20 114 55 123 38 84 123 33 61 97 35 80 69 25 113 0 129 
13 20 113 56 122 38 85 122 34 63 97 37 79 70 25 113 0 129 
12 20 115 55 124 38 84 123 34 62 97 37 78 71 24 112 0 130 
11 20 115 56 124 38 84 124 34 60 95 35 79 72 24 112 0 129 
11 20 114 56 125 38 84 124 34 61 97 36 80 72 24 113 0 128 
11 18 115 55 123 38 83 123 34 60 97 34 78 71 23 111 0 129 
12 19 115 56 125 39 83 123 34 64 100 38 78 72 26 112 0 128 
11 18 117 54 123 39 80 122 34 60 96 37 77 71 24 110 0 129 
10 20 115 54 124 38 82 124 33 61 100 35 77 74 22 113 0 129 
11 20 114 56 123 37 84 123 34 63 99 38 77 71 25 112 0 129 
10 19 116 54 125 39 80 123 34 59 95 37 77 71 25 112 0 129 
11 20 115 55 126 39 83 124 35 61 99 38 78 73 24 112 0 128 
9 20 114 54 125 37 82 124 33 59 98 35 76 72 23 112 0 129 
11 20 117 55 123 37 83 123 33 61 98 38 76 72 25 111 0 130 
10 20 115 54 126 38 83 125 33 60 99 36 78 73 24 111 0 127 
10 18 117 53 124 38 80 123 34 61 98 38 77 72 25 110 0 129 
11 19 115 54 123 38 83 123 35 58 95 36 76 73 25 110 0 130 
10 17 116 53 122 38 81 122 33 58 96 37 77 73 24 111 0 128 
10 19 116 55 125 38 83 124 34 60 98 37 78 72 25 111 0 130 
11 19 115 54 123 38 83 123 33 60 96 35 78 73 23 111 0 129 
12 16 118 53 121 38 81 122 35 58 93 37 75 70 26 110 0 131 
11 19 116 53 123 38 83 122 33 60 95 36 77 71 23 111 0 130 
11 19 116 54 122 39 81 124 34 60 99 38 77 74 24 111 0 129 
10 19 116 53 123 38 82 123 34 57 98 37 77 73 25 109 0 130 
11 18 116 55 122 39 82 122 34 58 93 35 76 71 25 110 0 130 
11 17 117 51 121 39 80 122 35 58 95 38 75 72 25 110 0 131 
11 18 117 53 123 38 82 124 34 60 99 38 75 72 24 110 0 130 
12 18 116 54 124 39 82 122 35 57 93 36 76 71 25 111 0 130 
11 19 117 53 122 39 81 123 35 57 96 37 74 71 24 108 0 130 
10 19 118 53 124 39 81 123 34 61 100 40 75 73 25 110 0 129 
11 18 118 51 123 40 80 123 35 56 94 36 75 73 25 109 0 129 
11 17 119 51 123 38 79 123 34 55 95 38 74 73 25 108 0 129 
11 18 117 55 123 38 83 123 32 60 96 35 77 72 24 111 0 130 
12 18 118 52 123 39 80 123 34 58 97 38 74 73 26 109 0 130 
11 20 116 55 124 37 83 124 33 61 99 36 77 73 24 110 0 129 
12 18 118 52 121 39 80 120 35 57 93 37 74 72 26 111 0 131 
11 19 117 53 124 39 80 122 34 59 97 38 75 72 25 111 0 130 
12 19 117 53 122 37 80 123 33 59 97 38 75 73 26 110 0 129 
11 19 117 53 123 39 80 124 35 57 97 37 76 73 24 110 0 129 
28 15 92 52 117 37 75 105 32 57 71 36 77 50 30 113 0 138 
29 15 92 54 118 37 74 106 32 59 72 35 78 50 30 113 0 137 
28 16 92 55 118 36 77 107 30 61 74 35 78 50 29 114 0 137 
31 16 90 57 114 37 78 103 31 60 71 35 79 49 30 117 0 139 
32 51 127 76 120 32 102 108 29 84 126 38 86 78 23 143 0 131 
29 32 117 53 112 33 79 101 26 59 112 36 61 77 25 121 0 137 
39 26 115 51 100 36 75 91 31 56 104 42 56 74 32 120 0 144 
30 40 124 62 118 34 88 109 29 66 117 38 71 84 25 131 0 130 
26 40 123 59 120 34 86 110 29 68 125 38 69 87 22 131 0 128 
25 72 142 92 137 26 119 123 24 97 139 31 101 87 15 159 0 121 
29 53 130 70 122 31 95 110 28 77 127 39 79 85 24 141 0 132 
46 51 128 79 107 30 104 96 29 86 109 34 84 67 26 148 0 147 
58 54 128 90 98 27 118 88 27 97 105 27 94 60 25 156 0 158 
64 42 124 76 87 38 99 78 39 82 92 44 78 62 43 150 0 155 
47 67 133 106 113 11 136 99 9 111 119 11 112 62 5 174 0 140 
48 32 118 59 99 40 83 93 36 63 107 45 64 81 36 125 0 150 
48 16 107 43 87 40 68 83 32 46 92 42 45 73 38 114 0 157 
54 38 117 71 93 27 98 84 25 76 98 28 72 59 25 139 0 158 
67 37 119 82 81 29 107 74 27 86 88 28 79 49 29 143 0 168 
65 42 121 84 85 29 109 76 27 91 94 30 82 53 28 147 0 166 
69 42 123 88 80 31 113 75 30 90 93 28 85 56 29 154 0 164 
32 37 123 58 118 33 88 114 27 66 133 40 69 97 21 127 0 137 
42 38 124 59 105 42 85 102 38 64 117 49 65 92 37 124 0 142 
42 53 132 75 114 35 103 104 32 84 122 41 80 81 27 138 0 145 
33 48 129 67 119 31 97 113 28 75 131 41 78 94 23 137 0 137 
43 45 126 70 105 29 97 98 26 76 118 37 73 78 25 135 0 149 
42 38 121 64 104 32 93 98 28 71 116 36 70 81 24 129 0 150 
43 34 119 61 101 33 85 97 29 69 115 40 65 79 29 124 0 150 
49 34 118 65 97 33 91 91 28 69 108 36 66 75 27 127 0 157 
55 30 114 62 88 33 87 85 26 67 102 36 63 69 29 123 0 163 
51 28 114 60 88 30 87 82 27 65 100 30 61 68 25 126 0 163 
53 29 114 60 89 33 87 85 27 66 105 35 62 72 28 124 0 162 
54 28 113 59 90 33 84 83 29 64 98 35 59 66 31 120 0 164 
44 47 126 74 104 29 101 98 27 79 115 33 79 79 24 136 0 149 
39 45 126 69 111 30 97 105 28 77 123 36 76 84 23 133 0 145 
41 44 126 68 107 31 95 102 28 75 121 37 73 84 23 133 0 145 
44 34 119 60 101 32 88 94 27 68 112 37 66 78 27 127 0 151 
40 43 125 68 109 30 95 102 26 75 122 38 74 85 24 133 0 144 
42 41 123 65 107 31 94 101 28 69 115 35 71 82 25 132 0 149 
43 40 122 65 103 31 92 97 27 71 115 36 71 80 26 131 0 149 
41 40 122 66 106 32 92 100 28 72 117 36 72 82 24 131 0 148 
37 42 125 63 110 35 92 103 30 71 122 39 72 90 27 131 0 141 
26 49 132 62 125 34 93 120 30 69 137 42 77 105 24 132 0 126 
27 51 133 65 125 35 93 118 32 71 136 44 76 103 24 132 0 127 
36 43 126 63 110 33 92 106 29 73 126 41 71 91 24 130 0 138 
36 42 124 62 110 33 91 105 28 72 125 40 73 90 25 130 0 140 
35 42 125 63 112 33 91 107 29 71 126 41 73 90 25 128 0 139 
32 47 127 64 117 34 92 110 29 69 126 38 73 94 24 130 0 138 
35 47 128 65 113 32 94 107 29 76 129 41 75 92 25 131 0 138 
35 45 127 65 112 33 94 106 28 73 125 38 74 89 24 132 0 139 
37 44 126 63 112 34 92 106 29 67 119 37 72 91 25 128 0 139 
35 42 123 62 110 31 88 104 27 68 121 34 71 88 23 129 0 142 
40 44 126 66 108 33 94 102 30 72 120 37 71 86 25 129 0 144 
38 52 132 73 115 32 99 107 29 80 127 38 82 91 25 137 0 138 
81 51 35 104 74 25 150 63 27 121 80 14 141 42 28 174 0 161 
68 11 62 69 61 35 105 60 34 86 80 32 115 57 32 142 0 166 
59 8 70 59 69 43 100 65 30 75 88 34 104 62 30 130 0 164 
59 9 70 64 71 39 99 67 29 76 87 30 107 64 32 131 0 164 
57 10 70 60 69 38 102 68 30 76 89 31 111 67 30 132 0 161 
57 11 69 64 70 38 99 70 30 80 89 29 107 64 28 131 0 162 
56 10 70 59 71 38 99 70 30 77 88 30 108 65 27 131 0 162 
58 12 72 60 70 40 100 67 29 76 90 30 106 63 31 131 0 160 
59 12 71 60 71 36 100 69 30 76 92 28 107 66 27 128 0 161 
57 9 70 59 71 38 99 69 31 80 87 30 109 64 28 133 0 160 
58 12 68 61 69 39 100 71 30 79 89 30 106 64 27 131 0 163 
60 8 68 64 68 37 100 67 32 77 85 29 107 63 27 130 0 162 
57 10 68 60 72 38 101 72 29 76 88 29 107 65 27 132 0 164 
57 11 67 61 73 40 102 72 30 78 90 29 108 66 27 132 0 161 
56 10 71 62 71 39 100 70 30 76 91 28 109 65 27 128 0 160 
57 8 70 62 71 37 99 70 30 77 89 31 107 66 28 128 0 162 
59 12 69 61 76 38 101 74 31 79 90 32 109 68 27 131 0 161 
56 8 70 61 72 37 98 70 30 78 88 29 109 66 28 131 0 162 
58 10 69 65 71 40 102 69 32 77 89 31 107 64 28 132 0 159 
57 11 69 62 69 41 100 71 31 76 87 30 106 65 28 131 0 162 
58 9 69 61 74 38 102 70 28 79 90 33 110 66 29 130 0 162 
56 10 68 62 71 38 101 69 28 79 89 30 107 66 29 131 0 158 
56 10 70 62 74 39 100 72 31 76 90 30 106 66 28 132 0 162 
61 11 69 60 68 40 99 70 29 80 90 30 109 64 28 134 0 163 
57 13 68 61 71 39 102 70 29 77 91 30 107 65 28 133 0 158 
58 15 68 64 74 40 106 71 30 79 94 31 111 65 27 131 0 157 
53 11 66 65 76 37 101 72 32 78 91 30 109 70 28 129 0 158 
56 13 67 61 75 38 102 72 31 79 89 29 108 65 29 132 0 160 
56 9 69 60 71 40 100 71 35 77 89 31 108 65 29 131 0 155 
56 12 68 63 73 37 102 70 30 81 92 31 110 65 27 134 0 155 
53 12 71 63 75 38 102 75 30 79 94 30 112 68 28 131 0 155 
54 12 70 62 78 38 102 74 30 79 99 29 113 72 28 136 0 152 
54 12 69 61 76 37 103 77 30 78 93 31 111 71 30 134 0 151 
53 11 68 61 79 38 100 78 29 78 96 30 109 74 32 132 0 153 
52 13 66 66 78 37 102 76 30 79 97 30 112 73 27 134 0 151 
52 14 79 64 76 38 101 79 29 81 113 32 110 84 29 134 0 148 
58 7 86 59 64 40 96 71 30 79 102 31 106 81 26 136 0 155 
56 7 81 61 68 42 100 72 30 82 101 32 108 77 26 132 0 154 
60 9 81 64 67 38 100 70 32 82 100 29 108 77 26 136 0 157 
59 8 80 62 65 39 99 68 32 82 100 29 107 77 28 132 0 157 
60 10 77 62 68 38 101 68 30 80 98 29 108 73 28 134 0 156 
62 5 82 61 59 44 98 66 35 80 99 30 106 77 25 136 0 160 
64 8 83 63 64 40 101 66 32 82 97 28 107 72 26 136 0 160 
65 8 79 65 63 39 100 66 34 82 95 29 108 69 27 136 0 160 
63 10 79 63 64 40 100 68 31 80 100 30 109 73 27 135 0 157 
62 10 83 61 63 39 100 69 31 80 96 32 105 69 27 133 0 162 
61 7 83 63 63 40 98 71 31 80 99 31 109 74 26 135 0 159 
61 7 79 63 64 39 99 65 31 81 95 29 106 72 27 134 0 158 
59 12 80 64 65 41 102 69 31 80 99 30 109 74 28 134 0 159 
62 7 79 62 63 40 102 69 34 79 97 30 105 70 26 134 0 158 
37 35 67 89 0 88 127 172 67 110 156 54 143 142 48 154 0 136 
66 34 52 89 0 96 121 178 71 111 161 55 134 162 56 156 0 163 
66 32 55 86 0 97 118 176 71 109 162 56 130 165 57 155 0 163 
66 31 55 84 0 97 117 179 71 105 161 56 130 165 56 154 0 164 
65 34 53 88 0 95 119 179 69 108 160 54 131 165 56 154 0 163 
66 32 53 85 0 95 117 177 70 107 161 55 130 164 55 153 0 164 
64 32 53 84 0 93 117 180 72 105 163 56 131 167 56 154 0 163 
66 32 53 85 0 93 117 179 71 108 163 56 131 165 56 155 0 164 
65 32 53 84 0 93 117 178 71 105 161 56 129 165 55 153 0 164 
65 36 51 90 0 91 122 179 71 110 160 53 134 163 56 157 0 163 
64 33 53 84 0 91 119 179 72 110 163 57 130 165 57 154 0 161 
64 31 54 83 0 90 116 180 71 104 161 54 129 166 56 152 0 164 
63 35 53 87 0 90 120 181 73 110 164 56 133 166 56 156 0 161 
63 35 52 87 0 90 119 179 72 109 163 54 133 166 56 156 0 162 
64 33 53 85 0 91 118 178 73 108 161 56 131 165 56 154 0 163 
63 35 52 86 0 89 120 181 72 109 163 54 133 165 56 155 0 162 
64 34 53 87 0 91 120 178 72 110 163 56 130 165 56 155 0 163 
63 34 53 85 0 90 119 180 73 108 163 57 131 166 57 154 0 162 
64 35 52 88 0 90 120 180 73 110 162 56 133 166 57 156 0 162 
66 34 51 86 0 91 120 178 71 110 159 54 131 163 55 155 0 163 
64 34 53 85 0 90 119 180 73 106 162 56 131 166 57 153 0 162 
66 35 53 88 0 90 119 179 72 110 164 57 132 165 57 155 0 162 
65 34 52 86 0 90 118 181 72 109 162 56 131 164 56 155 0 163 
65 34 53 84 0 90 117 181 72 104 160 54 130 164 57 154 0 162 
63 33 53 85 0 88 118 181 73 108 164 58 131 167 58 154 0 162 
65 34 53 85 0 90 118 179 73 108 163 57 132 165 56 154 0 163 
63 34 52 85 0 89 118 181 73 107 162 56 130 166 56 155 0 163 
64 34 53 85 0 87 119 180 72 106 161 55 130 165 57 153 0 162 
63 34 53 85 0 88 117 181 73 105 161 55 132 166 58 154 0 161 
64 33 53 85 0 88 118 181 73 106 162 55 131 166 57 154 0 162 
63 34 53 84 0 88 117 181 74 109 162 58 132 164 58 153 0 161 
63 34 53 85 0 88 119 180 72 108 163 57 130 166 56 154 0 163 
63 33 53 84 0 88 118 180 74 106 163 57 130 167 57 153 0 162 
64 34 53 85 0 89 118 180 74 108 164 58 132 166 57 153 0 162 
63 35 52 85 0 88 118 180 73 109 164 57 132 167 57 155 0 162 
63 34 128 84 0 87 118 181 72 108 164 56 132 168 57 155 0 162 
61 34 128 82 0 87 117 182 74 107 164 57 131 167 57 153 0 161 
61 35 129 84 0 87 119 180 73 108 164 55 131 167 57 153 0 162 
61 35 130 85 0 87 119 180 72 109 162 55 131 165 57 154 0 162 
61 33 129 81 0 85 116 182 74 106 164 57 129 166 58 151 0 160 
63 34 130 82 0 87 117 180 74 107 163 56 130 166 57 156 0 161 
62 35 130 83 0 87 118 182 73 109 164 58 131 167 57 155 0 162 
62 35 130 82 0 86 118 181 73 106 162 56 130 167 58 154 0 161 
62 35 130 83 0 87 118 181 74 106 160 55 131 167 58 155 0 161 
61 34 129 82 0 86 118 181 74 107 162 56 131 166 57 156 0 162 
62 36 131 83 0 87 117 181 74 108 162 55 132 166 56 155 0 160 
58 34 130 83 0 83 120 184 76 108 165 56 134 169 58 155 0 159 
62 35 130 83 0 87 118 180 75 109 163 56 131 166 57 155 0 163 
61 35 130 83 0 86 117 180 74 110 164 58 132 167 58 155 0 161 
62 34 130 81 0 86 116 182 74 107 163 56 131 168 57 154 0 162 
45 10 82 80 0 97 87 173 66 73 193 119 102 189 78 123 0 142 
38 16 83 85 0 90 91 177 74 81 199 124 106 192 82 121 0 136 
31 28 70 103 0 80 109 187 72 99 211 124 126 195 76 136 0 128 
44 21 70 99 0 94 101 177 65 90 203 114 116 189 70 135 0 139 
41 25 72 101 0 90 103 179 68 95 203 118 119 187 73 135 0 135 
25 32 74 104 0 73 108 192 80 101 209 130 129 197 85 137 0 121 
32 28 74 103 0 82 105 185 75 97 206 125 124 192 82 136 0 127 
40 26 72 102 0 89 106 178 69 93 202 117 120 190 74 135 0 136 
39 25 69 104 0 89 107 180 68 97 204 115 122 188 73 136 0 136 
38 36 66 112 0 88 117 180 72 106 203 117 131 186 71 141 0 132 
37 30 73 100 0 88 106 179 71 95 198 116 120 185 76 133 0 134 
27 44 76 112 0 77 114 186 87 106 199 128 134 188 86 140 0 121 
11 29 90 94 0 61 98 199 93 92 209 143 123 206 97 120 0 109 
12 19 106 76 0 60 79 194 99 79 204 154 108 208 106 109 0 107 
6 10 115 60 2 57 65 203 101 66 207 158 99 215 110 98 0 101 
20 31 94 85 2 67 94 188 91 90 200 137 117 195 93 122 0 115 
28 37 77 101 0 73 109 185 78 102 203 124 129 189 80 139 0 123 
31 42 70 110 0 74 117 185 76 114 206 120 135 182 76 148 0 125 
34 44 63 114 0 79 121 180 73 114 198 111 139 176 71 154 0 131 
33 48 60 119 0 76 124 179 72 121 204 114 143 175 70 158 0 131 
38 45 61 116 0 83 121 174 70 114 195 107 137 171 68 157 0 135 
39 48 56 121 0 83 127 175 68 117 193 103 142 169 65 161 0 137 
38 48 57 121 0 83 127 174 69 119 196 104 141 168 66 160 0 137 
36 48 59 119 0 79 127 178 68 120 200 106 142 171 68 160 0 133 
38 48 57 119 0 83 126 176 69 120 196 107 141 170 66 161 0 137 
40 46 66 111 0 84 119 172 73 112 192 110 135 170 72 156 0 135 
20 59 60 126 0 64 133 195 81 130 209 119 155 180 77 163 0 116 
34 51 63 122 0 79 124 176 76 119 195 111 142 171 72 161 0 131 
34 53 61 125 0 79 128 178 74 120 198 110 145 172 71 161 0 129 
35 41 67 112 0 80 115 179 72 109 200 112 133 178 69 148 0 131 
43 34 63 108 0 91 111 172 64 104 196 101 127 172 62 146 0 141 
32 47 61 121 0 80 124 181 70 116 197 105 144 174 68 159 0 129 
37 44 63 118 0 85 120 177 67 114 198 105 136 171 65 157 0 132 
37 45 60 119 0 85 123 174 68 115 195 103 139 168 65 158 0 133 
22 46 66 119 0 74 125 185 75 116 201 110 144 179 71 157 0 120 
33 45 68 116 0 84 121 177 70 115 195 107 137 170 68 154 0 128 
31 45 65 117 0 83 122 178 70 118 198 107 139 172 67 157 0 127 
31 46 65 119 0 85 122 175 68 118 196 104 140 169 65 157 0 128 
28 41 73 113 0 83 119 177 73 114 197 109 136 174 69 155 0 126 
31 36 73 107 0 88 113 174 68 105 194 104 128 173 66 146 0 130 
22 35 76 107 0 78 112 184 70 107 204 113 131 182 70 147 0 122 
19 35 77 104 0 76 111 185 73 105 201 113 132 183 72 144 0 119 
31 30 79 101 0 89 106 175 69 99 198 109 122 180 68 141 0 128 
15 19 91 82 0 78 89 188 75 83 205 119 114 195 75 124 0 117 
19 23 97 83 0 83 89 185 77 86 201 121 112 192 78 123 0 118 
17 24 94 86 0 81 93 186 77 87 203 121 114 194 78 124 0 117 
14 35 91 95 0 80 104 186 81 98 201 121 124 189 79 132 0 113 
23 28 86 98 0 89 101 179 71 95 201 113 118 184 71 135 0 125 
22 38 79 107 0 88 112 181 72 105 201 113 130 181 72 143 0 122 
16 24 101 83 0 82 88 185 82 84 200 126 111 193 83 119 0 114 
40 21 85 64 0 116 101 74 29 79 86 33 120 22 46 133 0 145 
68 89 39 107 0 88 123 132 39 88 137 39 118 129 33 165 0 159 
65 91 39 113 0 84 129 133 42 95 141 37 123 126 30 168 0 155 
63 90 39 111 0 84 127 129 41 94 138 39 122 124 37 168 0 153 
66 87 39 110 0 87 123 128 40 90 132 36 120 123 35 169 0 155 
62 89 41 109 0 84 126 126 36 92 136 41 123 128 33 169 0 153 
64 90 40 106 0 85 130 127 39 94 139 39 122 127 33 167 0 151 
63 90 40 107 0 85 127 129 38 98 142 43 125 128 34 165 0 151 
61 90 39 111 0 85 129 132 40 96 137 40 124 124 34 170 0 153 
63 90 39 108 0 86 130 130 43 95 139 42 125 127 34 169 0 153 
65 90 39 108 0 84 131 131 38 99 138 41 123 127 38 168 0 150 
64 91 39 109 0 86 128 129 38 98 137 39 124 125 34 169 0 155 
63 90 39 109 0 86 129 128 39 97 141 38 122 129 35 169 0 152 
63 90 40 108 0 86 129 131 43 97 139 37 126 126 34 169 0 153 
63 82 41 103 0 88 120 131 39 90 137 40 117 131 35 162 0 151 
59 81 41 100 0 83 118 134 40 87 140 41 120 135 38 164 0 153 
55 69 45 86 0 83 106 140 41 75 143 46 107 141 36 150 0 151 
54 70 48 85 0 82 106 139 41 77 145 45 106 145 37 148 0 144 
60 74 43 87 0 84 109 139 41 79 141 43 109 139 36 153 0 149 
60 82 46 97 0 81 116 137 41 86 142 44 117 136 35 156 0 150 
60 86 44 103 0 83 125 134 41 93 141 42 124 132 38 164 0 149 
57 87 40 105 0 80 127 139 40 97 144 40 124 133 35 165 0 148 
57 86 42 102 0 81 124 136 41 94 145 42 123 132 38 160 0 149 
61 93 42 106 0 79 129 139 42 97 145 44 129 132 37 164 0 149 
62 89 40 109 0 82 129 135 44 96 140 42 126 126 35 163 0 152 
61 89 40 109 0 82 127 135 41 95 143 41 124 130 34 167 0 149 
59 83 40 100 0 81 119 137 43 92 142 45 118 134 36 161 0 150 
62 79 41 96 0 80 120 139 39 86 142 42 120 136 35 160 0 150 
59 77 41 96 0 86 118 134 41 85 140 42 115 136 36 156 0 148 
59 80 42 95 0 80 116 136 41 86 143 43 118 138 34 160 0 152 
62 81 42 97 0 81 121 139 44 88 142 42 118 136 36 160 0 150 
62 84 41 101 0 81 121 136 43 91 144 43 122 133 38 162 0 151 
62 83 41 106 0 84 123 133 43 92 140 39 124 131 34 165 0 152 
62 84 39 103 0 80 126 135 40 96 141 37 126 130 35 161 0 149 
64 80 37 103 0 90 123 128 36 90 134 37 119 130 33 165 0 156 
69 82 39 106 0 94 123 122 34 94 128 35 115 121 32 166 0 159 
65 85 38 108 0 87 126 127 38 95 136 37 124 128 32 166 0 156 
63 84 41 106 0 84 125 133 39 94 139 40 124 127 36 164 0 152 
62 87 39 108 0 86 128 130 39 96 139 43 125 128 36 169 0 152 
56 86 42 103 0 77 124 140 42 94 145 42 125 134 36 168 0 148 
56 87 43 107 0 79 126 133 41 97 144 44 126 132 36 164 0 146 
58 82 44 98 0 81 122 137 42 92 143 43 123 137 36 165 0 147 
53 76 44 95 0 80 116 141 46 88 147 44 117 141 36 160 0 146 
55 81 42 98 0 79 122 139 44 92 145 43 119 136 37 163 0 147 
57 85 43 103 0 81 127 135 40 97 144 40 124 134 37 165 0 149 
58 88 42 107 0 84 129 134 40 102 146 41 127 128 37 166 0 147 
58 87 40 106 0 80 131 133 43 97 144 43 126 130 38 167 0 149 
58 88 40 106 0 79 130 135 41 99 143 41 129 131 38 166 0 148 
59 90 40 107 0 79 128 133 41 98 142 41 126 129 35 167 0 147 
58 91 39 107 0 80 128 132 44 97 141 40 129 128 36 164 0 147 
57 58 44 73 0 107 116 0 79 86 177 74 125 158 48 161 0 152 
59 53 46 69 0 110 109 0 80 79 177 75 118 154 45 157 0 155 
61 53 45 68 0 112 108 0 80 78 175 74 118 157 45 156 0 155 
62 59 44 73 0 111 112 0 82 85 173 72 121 151 46 162 0 156 
59 57 43 73 0 108 115 0 78 83 176 73 121 156 45 162 0 154 
60 56 44 71 0 109 111 0 78 82 175 74 121 156 46 160 0 154 
59 55 45 70 0 107 110 0 77 81 175 76 120 157 46 158 0 153 
57 56 45 70 0 105 112 0 76 84 179 78 120 157 47 158 0 151 
59 54 45 69 0 108 109 0 76 80 176 75 119 159 47 159 0 155 
61 53 45 69 0 110 109 0 79 79 174 75 118 156 46 158 0 156 
61 55 45 70 0 109 110 0 79 79 174 75 118 155 45 158 0 155 
61 54 45 69 0 110 111 0 79 79 174 75 118 157 46 158 0 155 
61 58 43 72 0 109 112 0 79 84 177 75 121 154 45 161 0 156 
60 54 45 71 0 109 112 0 78 80 175 76 120 157 45 159 0 154 
60 54 45 69 0 110 110 0 78 79 175 77 117 157 47 158 0 152 
60 56 45 69 0 108 111 0 77 82 177 79 119 157 47 157 0 153 
59 54 46 68 0 108 108 0 76 76 174 75 118 158 47 157 0 153 
59 55 45 69 0 106 111 0 75 81 176 75 120 158 47 159 0 153 
58 53 46 66 0 107 107 0 76 75 173 75 118 158 48 157 0 153 
58 54 46 69 0 108 110 0 75 79 176 77 119 159 48 157 0 153 
59 54 45 70 0 108 109 0 77 77 174 75 118 158 47 156 0 153 
60 54 46 69 0 107 110 0 75 82 180 78 119 158 47 157 0 153 
59 54 46 68 0 107 111 0 77 80 175 77 119 157 47 157 0 153 
60 52 46 69 0 108 110 0 76 78 176 77 118 158 47 159 0 152 
58 55 45 69 0 106 110 0 74 84 180 78 120 158 47 157 0 152 
59 53 45 67 0 106 109 0 73 80 179 78 120 159 48 156 0 152 
60 53 46 66 0 107 109 0 76 81 180 79 118 158 48 156 0 154 
57 53 46 67 0 107 108 0 74 79 178 79 116 159 47 156 0 152 
59 53 46 67 0 106 108 0 75 78 177 79 118 158 48 156 0 153 
59 52 46 68 0 108 109 0 75 79 177 78 119 160 48 158 0 155 
59 53 46 67 0 107 109 0 75 79 177 77 118 158 48 155 0 153 
57 53 46 67 0 104 108 0 73 79 179 78 117 161 48 156 0 152 
57 54 47 67 0 106 110 0 74 81 179 78 120 159 49 157 0 151 
58 53 46 67 0 105 109 0 73 78 177 78 118 159 48 156 0 153 
58 52 46 66 0 107 108 0 75 78 177 79 118 160 48 156 0 155 
59 53 46 67 0 107 110 0 75 82 180 78 118 158 47 157 0 152 
58 52 45 66 0 107 109 0 75 79 179 78 119 159 46 157 0 153 
59 53 46 68 0 107 110 0 74 80 178 79 119 159 48 157 0 152 
58 52 45 65 0 107 108 0 74 78 176 79 118 160 48 157 0 153 
58 53 46 67 0 107 109 0 75 79 177 79 118 159 49 156 0 152 
57 54 46 67 0 104 110 0 72 82 180 78 117 159 48 156 0 153 
58 53 46 65 0 106 108 0 74 80 178 78 118 160 48 155 0 152 
59 54 46 68 0 106 109 0 74 81 178 79 117 159 48 156 0 152 
57 52 46 65 0 105 108 0 73 78 176 77 117 160 48 155 0 151 
59 52 47 64 0 107 107 0 74 80 177 79 117 159 47 155 0 153 
58 52 47 65 0 106 109 0 72 78 179 79 117 162 49 156 0 151 
57 50 47 63 0 106 107 0 72 78 178 80 116 161 48 152 0 152 
60 53 46 66 0 108 108 0 75 78 176 79 116 158 47 156 0 153 
58 52 47 65 0 105 108 0 73 78 178 78 117 159 48 155 0 152 
58 52 47 64 0 106 108 0 72 81 180 80 117 159 48 156 0 151 
38 34 65 73 0 111 119 0 82 80 188 100 91 168 52 131 0 128 
30 44 65 72 0 96 119 0 72 92 196 102 100 170 51 135 0 119 
30 35 71 59 0 101 112 0 75 77 190 102 89 173 56 125 0 121 
29 39 69 72 0 99 112 0 71 83 196 102 92 172 51 128 0 121 
22 33 69 69 0 91 91 0 62 75 198 101 87 180 53 124 0 115 
36 35 68 73 0 103 95 0 75 75 188 96 86 169 52 127 0 127 
37 43 64 72 0 105 108 0 81 82 186 93 90 164 50 131 0 130 
37 36 65 75 0 106 98 0 77 75 188 90 82 164 46 128 0 131 
30 43 66 82 0 94 102 0 67 85 196 98 92 171 50 132 0 121 
37 45 66 72 0 103 109 0 74 82 186 94 87 165 51 134 0 128 
29 45 63 64 0 93 117 0 72 85 190 85 89 169 47 136 0 127 
27 48 63 60 0 102 120 0 78 87 192 85 89 168 46 134 0 126 
30 54 64 68 0 104 123 0 83 92 184 83 92 162 45 136 0 127 
29 56 62 66 0 98 122 0 78 92 187 82 93 161 44 137 0 125 
33 52 63 66 0 104 120 0 83 88 182 81 89 159 46 136 0 128 
32 50 61 63 0 103 117 0 81 86 184 78 88 161 44 136 0 130 
31 51 63 63 0 105 120 0 80 89 186 84 90 163 45 134 0 126 
23 61 68 75 0 86 120 0 68 98 192 91 100 168 51 140 0 113 
26 52 64 69 0 95 116 0 72 86 188 84 93 167 45 133 0 121 
24 59 68 72 0 90 121 0 70 94 188 89 99 167 51 137 0 118 
24 51 63 68 0 92 117 0 67 88 192 85 93 170 45 136 0 120 
25 48 71 61 0 93 109 0 68 84 190 95 89 172 55 129 0 117 
30 58 65 71 0 93 118 0 74 91 183 85 96 162 49 138 0 121 
25 59 61 82 0 89 125 0 73 97 181 75 103 152 39 147 0 120 
27 59 62 82 0 92 127 0 75 100 183 76 102 152 39 147 0 123 
26 58 62 83 0 88 126 0 72 98 182 72 102 151 37 149 0 122 
28 58 60 81 0 92 125 0 76 98 179 75 100 149 38 147 0 123 
28 58 60 80 0 90 125 0 74 97 178 73 99 149 39 146 0 123 
28 59 60 82 0 90 126 0 75 101 184 75 101 151 37 148 0 125 
28 59 61 82 0 90 126 0 74 98 180 73 100 149 37 148 0 123 
29 57 61 80 0 90 124 0 74 97 179 73 98 149 37 147 0 124 
27 57 59 80 0 89 125 0 76 99 183 76 99 151 39 146 0 124 
31 58 61 81 0 89 124 0 75 96 178 71 100 148 35 147 0 126 
31 56 60 80 0 93 123 0 78 92 171 71 97 145 38 146 0 127 
26 58 64 71 0 84 126 0 72 99 188 78 98 159 41 141 0 117 
30 62 61 80 0 90 132 0 79 98 174 69 100 146 38 149 0 125 
31 62 61 83 0 91 132 0 81 104 178 75 102 148 39 150 0 123 
28 58 63 75 0 87 124 0 77 92 176 72 97 151 41 144 0 122 
29 62 62 78 0 86 132 0 75 101 180 74 101 151 39 147 0 123 
30 61 60 79 0 87 131 0 76 100 180 72 101 152 38 149 0 123 
32 70 59 93 0 85 142 0 76 110 179 73 110 149 38 155 0 123 
20 45 68 50 0 86 108 0 71 82 188 81 84 166 43 126 0 113 
13 57 71 70 0 74 118 0 60 98 194 86 98 169 45 137 0 108 
25 52 69 70 0 82 103 0 65 89 179 78 86 155 43 134 0 121 
27 50 69 69 0 84 103 0 67 87 177 77 85 155 44 135 0 123 
26 49 68 69 0 82 105 0 68 85 177 75 87 157 42 135 0 121 
30 47 67 68 0 84 106 0 70 84 176 73 86 157 41 135 0 124 
30 46 65 69 0 85 106 0 69 84 176 71 86 153 39 134 0 125 
28 48 66 70 0 83 107 0 68 85 178 73 88 155 40 134 0 123 
31 48 63 71 0 85 106 0 71 86 175 71 86 151 38 137 0 127 
34 75 58 83 0 127 147 0 111 122 144 43 138 135 43 155 0 132 
38 71 57 85 0 127 144 0 108 120 142 42 136 133 41 155 0 134 
35 76 58 89 0 123 146 0 107 121 141 41 139 133 43 157 0 134 
33 71 56 85 0 122 143 0 106 116 146 45 137 135 44 155 0 130 
35 72 55 85 0 120 141 0 104 120 144 42 138 134 42 157 0 134 
39 75 55 86 0 117 140 0 103 122 139 40 138 134 40 154 0 134 
38 75 52 87 0 118 143 0 102 122 141 42 137 130 44 156 0 135 
38 76 55 87 0 114 143 0 98 122 141 42 139 134 40 155 0 131 
41 77 51 92 0 117 144 0 98 121 142 41 138 129 41 159 0 137 
39 75 51 90 0 115 143 0 95 122 138 40 136 129 39 160 0 135 
35 75 57 87 0 110 141 0 91 122 149 47 139 136 44 158 0 130 
31 76 56 83 0 102 142 0 82 126 152 46 140 140 45 158 0 127 
31 81 56 86 0 102 141 0 82 124 149 47 144 140 46 157 0 127 
36 77 54 85 0 104 141 0 85 122 148 42 139 133 43 157 0 130 
38 74 53 86 0 112 140 0 88 117 141 40 135 130 42 152 0 134 
41 70 52 86 0 114 138 0 89 114 139 40 131 132 39 157 0 139 
38 70 53 86 0 111 138 0 86 115 144 41 137 136 40 156 0 131 
39 68 54 84 0 112 139 0 90 113 144 41 132 133 40 153 0 134 
41 70 51 85 0 111 135 0 91 114 147 39 135 134 39 152 0 136 
41 71 53 88 0 109 137 0 85 113 142 41 132 133 39 152 0 136 
43 72 51 87 0 111 138 0 91 114 140 39 131 132 41 155 0 137 
41 70 51 87 0 111 140 0 87 117 140 39 131 131 41 156 0 135 
43 70 52 86 0 112 136 0 89 113 139 40 131 133 39 156 0 139 
42 76 52 88 0 111 143 0 92 118 142 40 133 131 38 158 0 137 
42 78 51 95 0 112 144 0 88 122 139 42 139 126 37 156 0 137 
46 78 48 97 0 111 146 0 89 121 139 39 137 128 39 161 0 137 
46 81 51 94 0 110 148 0 91 125 137 38 137 125 38 161 0 140 
46 81 49 94 0 107 146 0 89 123 137 39 142 127 42 160 0 136 
44 80 49 93 0 106 145 0 87 121 138 41 140 126 39 158 0 136 
44 75 49 91 0 109 145 0 89 120 138 39 136 127 39 155 0 137 
41 72 50 88 0 106 140 0 86 117 140 41 134 133 39 158 0 136 
31 70 58 81 0 122 143 0 107 122 153 46 141 138 43 153 0 134 
34 70 58 81 0 123 141 0 109 121 150 46 141 138 49 153 0 134 
37 72 55 85 0 121 144 0 108 120 154 47 141 138 48 154 0 135 
36 74 57 87 0 120 146 0 104 123 153 45 141 142 45 154 0 133 
35 70 56 86 0 114 144 0 108 122 149 45 140 141 45 153 0 134 
36 70 56 83 0 117 142 0 103 120 149 46 143 140 49 154 0 137 
38 72 58 85 0 115 147 0 106 124 147 46 140 136 45 155 0 134 
39 73 56 84 0 117 147 0 100 121 149 47 142 139 46 154 0 135 
38 71 54 86 0 116 144 0 98 120 148 46 142 134 44 157 0 135 
36 72 53 86 0 116 149 0 99 127 148 45 142 136 44 156 0 139 
39 71 55 91 0 118 150 0 100 120 145 45 140 137 46 161 0 140 
40 65 54 92 0 120 147 0 102 118 151 45 141 139 44 160 0 140 
31 71 55 77 0 106 139 0 88 121 157 47 146 140 46 154 0 132 
38 58 60 70 0 112 131 0 95 108 151 46 130 145 43 143 0 139 
41 74 54 89 0 105 145 0 101 122 145 45 144 133 43 156 0 137 
41 71 56 90 0 108 145 0 99 119 147 44 143 133 44 151 0 140 
38 65 55 78 0 103 133 0 93 113 152 45 133 141 44 146 0 136 
39 63 55 77 0 108 138 0 90 111 151 47 136 140 46 150 0 135 
41 65 56 76 0 102 136 0 94 113 150 44 135 138 41 148 0 137 
34 0 200 84 0 132 118 0 95 121 183 79 145 165 65 164 0 147 
35 0 196 83 0 127 117 0 94 121 183 79 144 165 64 163 0 148 
35 0 196 83 0 126 118 0 91 119 182 78 144 166 66 164 0 145 
35 0 198 81 0 128 115 0 94 119 182 79 142 165 65 163 0 146 
35 0 198 83 0 128 115 0 93 120 186 79 143 166 66 164 0 146 
37 0 197 86 0 128 119 0 94 122 182 78 145 165 65 165 0 146 
36 0 197 82 0 129 117 0 95 119 183 80 143 166 66 163 0 147 
35 0 196 83 0 127 115 0 92 117 182 79 143 166 66 163 0 147 
37 0 196 82 0 125 117 0 91 117 182 79 142 164 66 162 0 145 
35 0 196 82 0 125 115 0 93 117 182 79 142 163 65 162 0 147 
36 0 196 82 0 126 117 0 93 119 182 79 143 164 65 162 0 145 
35 0 196 82 0 124 117 0 91 117 183 80 142 166 65 163 0 144 
34 0 195 82 0 123 116 0 90 119 184 80 142 166 66 162 0 145 
36 0 195 83 0 124 117 0 91 121 185 81 144 167 65 165 0 147 
37 0 194 86 0 123 120 0 91 122 185 80 145 167 64 165 0 145 
32 0 180 86 0 108 123 0 76 129 192 92 155 170 75 168 0 131 
33 0 193 81 0 123 115 0 89 118 183 81 144 166 67 163 0 142 
34 0 194 82 0 123 117 0 88 120 185 83 145 167 69 165 0 143 
34 0 193 82 0 117 119 0 85 121 188 82 146 170 68 163 0 141 
39 5 197 80 0 136 116 0 106 115 178 74 137 162 59 157 0 150 
26 13 205 51 0 146 90 0 111 96 176 70 115 167 53 142 0 154 
14 20 171 47 0 145 104 0 120 99 176 69 113 166 53 143 0 153 
17 16 203 51 0 142 105 0 107 100 180 70 118 166 51 144 0 153 
23 11 202 54 0 141 108 0 105 104 181 74 120 167 54 145 0 151 
24 10 201 55 0 138 105 0 104 101 179 73 119 167 54 145 0 151 
25 10 199 57 0 138 109 0 103 102 177 70 122 167 54 148 0 151 
25 9 200 55 0 139 106 0 103 102 179 73 119 165 54 145 0 152 
25 7 198 55 0 136 106 0 101 102 177 72 121 166 54 147 0 150 
24 9 200 54 0 136 104 0 101 102 180 75 119 168 55 145 0 150 
24 10 199 54 0 132 104 0 98 101 180 75 119 169 55 144 0 149 
20 9 196 56 0 134 105 0 99 101 180 73 119 169 54 147 0 150 
24 8 199 54 0 135 105 0 100 103 180 73 120 168 54 145 0 149 
25 8 198 54 0 133 105 0 99 102 181 76 121 168 56 146 0 150 
27 7 201 55 0 139 102 0 101 102 178 73 118 164 53 146 0 155 
26 5 197 54 0 136 102 0 96 100 180 75 119 169 55 147 0 150 
25 7 194 55 0 131 102 0 95 103 180 74 119 167 57 147 0 150 
24 7 197 52 0 132 101 0 94 103 183 77 119 170 56 145 0 149 
24 7 194 52 0 130 101 0 95 100 179 77 120 168 58 145 0 146 
25 3 194 56 0 127 104 0 90 105 185 79 122 171 57 145 0 147 
27 5 193 54 0 129 101 0 92 104 185 81 121 171 59 145 0 147 
26 3 192 54 0 127 101 0 90 101 182 80 120 173 59 146 0 146 
26 4 192 53 0 126 100 0 88 101 183 79 120 172 57 144 0 147 
26 4 192 54 0 127 100 0 88 100 183 79 120 173 58 145 0 149 
25 4 192 52 0 128 100 0 90 102 184 82 120 172 58 145 0 149 
27 3 191 53 0 125 101 0 88 103 185 79 120 172 57 145 0 147 
26 4 189 53 0 123 101 0 84 105 188 82 122 173 59 147 0 146 
28 2 192 54 0 126 101 0 88 102 184 78 121 171 56 145 0 149 
27 4 190 54 0 124 102 0 89 101 183 77 120 171 58 145 0 147 
27 3 192 53 0 124 99 0 87 101 184 80 117 173 58 145 0 148 
27 2 191 53 0 123 99 0 84 102 186 80 120 174 59 145 0 148 
0 45 150 84 0 118 127 0 90 102 186 85 100 153 42 138 0 117 
0 38 143 85 0 112 128 0 86 105 183 87 102 150 44 143 0 117 
3 35 140 90 0 113 132 0 86 104 183 84 104 149 42 146 0 117 
2 33 158 88 0 114 131 0 85 104 186 83 103 148 41 145 0 119 
0 38 179 86 0 108 130 0 82 104 189 88 102 153 43 143 0 112 
0 33 187 86 0 108 133 0 81 106 191 83 105 154 40 145 0 112 
1 31 169 90 0 106 134 0 80 102 187 82 105 158 41 148 0 112 
6 28 178 89 0 110 132 0 88 108 183 87 104 149 45 147 0 119 
12 22 191 98 0 115 146 0 91 110 185 87 108 156 42 150 0 135 
13 14 188 100 0 111 144 0 84 109 198 97 111 157 42 150 0 125 
8 17 187 84 0 113 129 0 88 97 196 87 101 153 35 146 0 135 
23 25 189 89 0 128 129 0 103 99 174 82 101 136 41 148 0 144 
14 19 187 80 0 123 117 0 97 91 183 87 96 141 39 144 0 139 
5 24 188 77 0 117 119 0 90 92 184 82 99 139 34 141 0 131 
6 20 178 83 0 109 124 0 85 99 189 84 105 140 35 148 0 127 
15 15 181 91 0 120 131 0 96 104 177 76 109 129 33 151 0 137 
17 13 176 90 0 113 130 0 90 103 182 78 108 136 34 151 0 133 
11 15 161 91 0 105 131 0 86 108 186 82 113 138 34 152 0 126 
0 24 160 80 0 94 123 0 72 101 196 92 110 154 40 145 0 112 
0 21 158 82 0 94 126 0 75 103 190 90 111 147 39 148 0 113 
6 20 164 81 0 104 127 0 83 104 186 85 109 143 38 147 0 119 
4 18 158 84 0 98 128 0 75 101 187 83 110 146 36 150 0 119 
9 16 173 79 0 111 122 0 89 98 182 77 102 136 33 145 0 129 
6 16 174 79 0 108 124 0 88 97 181 73 103 135 29 147 0 132 
15 13 177 80 0 121 125 0 102 98 170 65 101 121 28 147 0 142 
14 11 176 81 0 116 126 0 96 100 177 70 103 127 30 149 0 139 
13 11 176 81 0 115 125 0 95 98 176 68 101 127 29 148 0 138 
16 11 178 82 0 118 126 0 98 101 175 70 102 124 29 148 0 139 
15 11 177 82 0 117 127 0 96 101 175 71 104 128 31 147 0 140 
13 11 177 82 0 115 125 0 94 96 174 65 103 127 28 148 0 139 
15 10 178 84 0 118 126 0 97 99 174 68 101 125 29 149 0 140 
15 12 177 83 0 116 126 0 96 100 176 69 103 126 29 150 0 140 
11 15 182 76 0 114 121 0 94 94 175 70 98 130 31 144 0 137 
2 11 162 81 0 97 131 0 77 107 196 79 113 145 28 154 0 120 
3 17 160 82 0 96 127 0 78 103 189 80 111 144 33 148 0 118 
8 16 164 81 0 99 125 0 82 99 183 77 105 140 34 145 0 125 
7 21 164 76 0 98 121 0 80 97 182 84 105 145 40 145 0 120 
0 26 155 76 0 81 124 0 63 103 203 97 110 162 40 144 0 106 
0 22 164 76 0 82 127 0 66 105 197 93 115 154 39 153 0 110 
1 25 160 77 0 89 125 0 71 107 201 98 114 155 41 149 0 108 
0 28 171 68 0 98 118 0 75 94 194 90 104 152 36 140 0 114 
0 41 177 52 0 100 100 0 77 79 189 95 88 155 43 124 0 114 
0 45 177 48 0 102 96 0 79 76 188 94 83 152 42 120 0 117 
9 20 173 73 0 105 122 0 84 98 183 79 104 138 32 145 0 127 
11 13 167 81 0 104 132 0 84 108 185 81 114 137 36 155 0 123 
11 8 159 85 0 98 136 0 81 113 185 82 118 137 36 159 0 122 
16 6 157 91 0 97 140 0 81 114 184 82 123 139 38 164 0 120 
16 6 159 90 0 98 141 0 81 117 186 81 120 134 35 163 0 123 
20 6 163 92 0 98 140 0 76 112 187 78 121 142 35 164 0 123 
0 30 165 66 0 93 115 0 75 93 190 88 101 150 38 137 0 115 
5 25 163 88 0 137 146 0 134 133 170 61 152 155 59 157 0 121 
5 25 157 86 0 136 144 0 132 135 167 61 152 153 59 155 0 122 
5 27 154 89 0 135 146 0 131 139 161 59 157 151 59 156 0 122 
8 24 156 90 0 135 146 0 130 138 168 66 153 153 61 161 0 122 
5 23 154 89 0 132 147 0 124 139 172 64 155 157 63 160 0 120 
2 18 146 90 0 130 148 0 128 145 169 64 157 147 59 162 0 119 
14 15 150 98 0 135 154 0 125 144 170 64 157 147 58 166 0 124 
8 29 157 86 0 132 142 0 120 129 173 66 146 160 60 153 0 118 
0 37 149 65 0 123 117 0 120 118 169 62 137 154 54 141 0 118 
0 39 154 73 0 123 125 0 119 119 171 66 139 160 57 148 0 114 
4 31 155 77 0 131 132 0 118 126 170 64 140 157 59 152 0 119 
8 23 139 91 0 117 144 0 115 142 172 65 153 151 54 158 0 120 
9 19 136 88 0 123 146 0 115 138 169 69 154 149 60 163 0 118 
7 24 132 88 0 119 143 0 111 139 175 70 152 152 63 161 0 113 
4 29 124 88 0 106 143 0 98 140 180 77 157 159 69 161 0 107 
6 23 138 89 0 113 140 0 106 132 171 67 152 158 61 160 0 115 
15 15 145 87 0 129 138 0 119 128 161 62 142 143 51 158 0 124 
14 16 154 86 0 132 137 0 120 129 165 58 140 148 52 160 0 124 
12 15 145 85 0 122 138 0 115 131 168 59 146 148 53 159 0 120 
13 15 144 89 0 123 143 0 108 132 170 64 147 155 53 161 0 120 
16 12 143 88 0 122 144 0 115 131 165 63 147 149 54 161 0 120 
16 12 137 93 0 122 149 0 114 137 164 60 151 144 56 163 0 121 
19 12 137 95 0 122 147 0 112 140 170 62 154 148 57 164 0 122 
13 14 137 86 0 121 140 0 116 131 169 62 145 148 54 156 0 118 
18 18 147 90 0 128 141 0 119 127 165 58 143 149 53 158 0 121 
7 21 147 78 0 121 128 0 110 119 170 58 139 155 52 151 0 119 
9 18 147 78 0 121 127 0 109 118 171 61 142 156 54 155 0 120 
10 22 146 79 0 118 128 0 108 120 173 61 145 153 53 152 0 118 
9 19 146 80 0 119 130 0 107 118 175 63 143 157 54 155 0 117 
10 18 145 78 0 123 123 0 109 118 172 62 143 157 57 154 0 121 
9 18 142 82 0 113 130 0 104 121 176 66 145 157 56 152 0 118 
15 14 134 92 0 119 143 0 106 128 169 67 151 149 58 163 0 123 
18 13 129 92 0 119 141 0 106 135 172 62 154 146 57 161 0 123 
17 12 135 94 0 118 142 0 106 132 172 64 156 148 58 165 0 122 
11 14 140 82 0 117 131 0 108 123 172 63 144 153 57 158 0 120 
17 15 148 87 0 124 138 0 108 119 174 63 143 161 54 157 0 117 
7 23 141 75 0 116 125 0 105 114 174 67 140 159 55 148 0 114 
8 26 144 75 0 120 123 0 110 110 171 65 137 155 55 151 0 117 
9 21 143 75 0 118 124 0 106 118 171 62 139 155 54 148 0 119 
9 19 142 79 0 117 127 0 109 119 172 62 140 155 54 155 0 117 
12 20 142 75 0 117 126 0 106 116 172 62 142 156 53 153 0 117 
13 18 137 88 0 112 137 0 103 129 172 63 148 151 55 157 0 117 
17 12 129 94 0 117 142 0 103 132 172 65 155 150 59 164 0 119 
21 13 139 94 0 112 140 0 100 130 177 64 151 158 55 162 0 120 
11 17 142 81 0 118 125 0 103 119 167 62 142 154 60 152 0 119 
10 18 139 81 0 112 127 0 102 124 176 68 147 162 58 154 0 117 
10 18 138 82 0 111 131 0 98 122 172 63 144 154 56 153 0 118 
12 16 135 83 0 114 131 0 95 128 174 64 147 156 59 155 0 117 
22 10 134 97 0 115 144 0 101 127 171 64 148 154 59 164 0 118 
18 14 133 87 0 112 135 0 96 124 176 64 150 158 57 162 0 116 
85 98 32 62 0 123 100 0 113 124 0 101 110 0 96 147 0 145 
88 101 31 62 0 122 100 0 111 125 0 100 111 0 96 147 0 145 
87 100 33 61 0 122 100 0 111 124 0 97 111 0 95 146 0 145 
84 99 33 58 0 121 97 0 109 120 0 98 108 0 94 145 0 145 
87 100 32 61 0 121 98 0 108 118 0 95 110 0 94 145 0 143 
86 102 32 62 0 122 100 0 108 123 0 98 112 0 95 147 0 144 
87 101 33 59 0 121 98 0 109 121 0 97 111 0 95 146 0 143 
87 98 32 60 0 122 99 0 108 122 0 98 109 0 93 147 0 144 
87 102 32 60 0 120 99 0 107 121 0 96 109 0 93 146 0 144 
85 102 34 61 0 120 99 0 106 122 0 97 110 0 93 146 0 143 
85 101 32 60 0 119 99 0 105 121 0 95 109 0 94 146 0 143 
86 101 32 59 0 119 98 0 106 120 0 95 110 0 93 145 0 142 
86 101 32 60 0 119 98 0 106 119 0 97 109 0 92 146 0 143 
86 101 32 60 0 119 99 0 105 121 0 94 110 0 92 147 0 141 
86 100 33 59 0 120 98 0 106 120 0 96 109 0 93 145 0 142 
87 100 32 58 0 120 97 0 106 120 0 97 109 0 95 145 0 142 
85 100 34 60 0 118 97 0 104 120 0 98 107 0 93 145 0 143 
86 100 31 59 0 119 97 0 105 119 0 96 109 0 91 147 0 143 
87 102 33 57 0 118 96 0 106 118 0 97 108 0 94 145 0 142 
87 98 32 60 0 121 99 0 104 121 0 93 110 0 88 149 0 142 
85 107 31 52 0 110 91 0 106 117 0 102 105 0 105 140 0 142 
81 98 33 50 0 114 91 0 102 114 0 97 104 0 94 138 0 138 
84 101 33 52 0 115 92 0 106 116 0 101 104 0 98 140 0 142 
88 100 34 79 0 127 118 0 100 131 0 79 123 0 70 161 0 141 
92 109 33 66 0 117 106 0 105 127 0 95 118 0 98 154 0 146 
91 110 33 67 0 119 107 0 106 128 0 96 116 0 97 154 0 146 
91 108 31 66 0 118 106 0 106 128 0 94 118 0 94 153 0 145 
87 93 33 51 0 119 86 0 104 111 0 98 100 0 92 137 0 144 
99 73 33 44 0 122 79 0 105 94 0 93 81 0 90 124 0 158 
98 77 32 46 0 121 80 0 101 98 0 92 85 0 89 128 0 156 
95 77 33 45 0 119 79 0 102 97 0 93 85 0 89 127 0 154 
99 77 33 45 0 122 78 0 105 99 0 95 82 0 92 126 0 156 
97 76 33 44 0 122 79 0 105 96 0 92 82 0 91 127 0 156 
98 77 33 45 0 119 79 0 103 101 0 93 84 0 90 128 0 154 
97 78 32 44 0 117 78 0 102 95 0 91 81 0 90 128 0 156 
99 77 32 44 0 119 77 0 103 95 0 93 81 0 91 125 0 157 
96 78 33 44 0 117 76 0 101 97 0 92 81 0 90 126 0 154 
97 78 32 44 0 117 79 0 100 98 0 90 85 0 89 128 0 153 
98 78 32 44 0 118 77 0 101 93 0 90 80 0 90 126 0 154 
101 79 32 46 0 120 81 0 103 100 0 92 84 0 91 129 0 157 
100 80 31 42 0 118 77 0 102 93 0 90 80 0 91 127 0 157 
98 81 31 44 0 117 79 0 101 97 0 91 83 0 89 128 0 155 
98 81 32 44 0 119 78 0 102 99 0 94 82 0 91 126 0 155 
96 85 32 46 0 114 80 0 97 99 0 87 86 0 88 131 0 151 
98 85 31 46 0 117 80 0 101 100 0 90 86 0 89 129 0 154 
99 83 32 45 0 117 78 0 100 97 0 92 84 0 90 129 0 154 
100 83 32 44 0 118 78 0 101 99 0 93 83 0 91 129 0 156 
100 84 32 46 0 118 80 0 100 101 0 93 83 0 91 129 0 155 
99 84 31 44 0 119 77 0 100 96 0 90 84 0 89 129 0 155 
101 83 31 44 0 121 79 0 103 101 0 96 84 0 91 128 0 156 
78 84 37 48 0 121 87 0 112 134 0 111 126 0 121 116 0 142 
65 86 35 45 0 109 89 0 100 135 0 96 143 0 106 119 0 132 
69 75 37 40 0 117 78 0 104 121 0 101 124 0 107 112 0 131 
66 85 38 47 0 107 92 0 96 136 0 96 142 0 106 119 0 130 
60 71 35 30 0 103 76 0 88 120 0 90 131 0 98 108 0 125 
57 73 41 32 0 99 77 0 85 115 0 87 130 0 95 106 0 121 
60 77 39 38 0 100 83 0 88 120 0 87 134 0 98 112 0 123 
67 78 37 41 0 105 86 0 92 122 0 90 133 0 101 113 0 130 
64 81 37 45 0 101 89 0 87 124 0 86 133 0 98 117 0 127 
60 74 39 44 0 98 86 0 84 121 0 85 128 0 94 119 0 126 
58 70 49 41 0 95 81 0 81 111 0 83 119 0 90 115 0 121 
54 63 36 29 0 92 73 0 74 109 0 80 119 0 86 110 0 119 
54 74 37 39 0 88 82 0 73 118 0 74 134 0 84 115 0 118 
73 84 39 53 0 101 94 0 88 138 0 92 140 0 107 125 0 132 
83 95 33 62 0 103 104 0 90 139 0 92 138 0 111 137 0 146 
81 89 33 58 0 103 100 0 91 138 0 92 136 0 108 133 0 147 
86 87 32 57 0 106 99 0 92 139 0 97 136 0 110 132 0 150 
83 91 33 58 0 102 101 0 91 137 0 95 138 0 111 132 0 146 
77 77 33 49 0 101 91 0 89 127 0 87 129 0 99 124 0 142 
76 76 36 49 0 102 90 0 87 125 0 90 126 0 97 120 0 141 
73 74 36 46 0 97 87 0 83 118 0 83 124 0 93 120 0 138 
71 73 36 43 0 96 85 0 83 116 0 86 122 0 94 119 0 134 
66 77 37 49 0 91 91 0 78 123 0 82 128 0 89 121 0 131 
61 78 36 47 0 83 90 0 70 121 0 75 129 0 84 123 0 124 
59 77 40 49 0 82 88 0 70 119 0 73 128 0 80 125 0 122 
55 76 39 47 0 80 88 0 67 119 0 72 130 0 80 125 0 119 
56 77 40 47 0 80 88 0 68 118 0 71 127 0 81 126 0 120 
53 77 40 44 0 79 90 0 69 117 0 68 131 0 80 121 0 114 
56 74 41 48 0 86 89 0 72 119 0 74 138 0 83 124 0 120 
57 79 41 46 0 91 91 0 82 130 0 81 151 0 90 123 0 120 
65 79 41 47 0 100 92 0 93 137 0 90 154 0 95 123 0 128 
74 75 39 45 0 107 86 0 100 134 0 98 148 0 105 120 0 134 
71 78 37 43 0 103 85 0 97 132 0 95 146 0 103 123 0 134 
66 77 34 44 0 98 88 0 88 132 0 88 151 0 97 122 0 130 
69 74 35 45 0 101 88 0 93 134 0 92 148 0 97 121 0 133 
69 78 37 45 0 99 88 0 92 132 0 88 147 0 99 123 0 133 
70 76 35 46 0 100 89 0 93 130 0 90 148 0 100 123 0 134 
68 73 34 43 0 99 86 0 92 130 0 90 146 0 97 122 0 133 
70 76 37 43 0 99 86 0 92 129 0 91 145 0 99 123 0 132 
69 78 37 46 0 100 89 0 94 133 0 93 147 0 100 123 0 133 
67 75 36 47 0 97 87 0 91 132 0 89 149 0 98 122 0 132 
70 74 35 46 0 100 88 0 92 132 0 93 146 0 101 124 0 134 
71 75 36 46 0 100 88 0 94 133 0 93 148 0 102 123 0 134 
64 75 38 46 0 96 87 0 90 133 0 89 144 0 96 123 0 130 
62 74 37 42 0 92 84 0 87 125 0 84 143 0 92 121 0 126 
65 74 38 44 0 96 86 0 89 128 0 88 145 0 95 122 0 129 
58 76 41 48 0 90 89 0 81 128 0 79 150 0 89 124 0 122 
59 70 32 42 0 95 86 0 81 128 0 77 145 0 82 120 0 127 
68 70 40 43 0 100 84 0 92 125 0 90 139 0 95 120 0 132 
80 75 35 49 0 113 91 0 105 137 0 102 144 0 111 125 0 148 
38 97 53 59 0 116 109 0 130 152 0 112 153 0 90 136 0 120 
43 98 53 57 0 121 111 0 130 150 0 109 148 0 89 137 0 122 
42 99 53 63 0 116 111 0 131 151 0 107 148 0 84 138 0 122 
44 106 53 64 0 111 114 0 125 154 0 104 152 5 81 141 0 122 
50 104 52 66 0 119 112 0 132 151 0 109 150 1 80 138 0 122 
50 102 51 65 0 120 117 0 133 151 0 109 149 7 80 140 0 125 
48 102 49 65 0 120 116 0 131 153 0 104 149 3 77 143 0 125 
49 103 50 65 0 120 112 0 128 150 0 104 146 2 79 141 0 123 
49 100 48 64 0 120 113 0 126 151 0 104 147 1 80 138 0 121 
52 101 49 60 0 115 109 0 126 147 0 107 140 0 84 137 0 121 
47 102 50 63 0 117 114 0 124 149 0 103 143 5 77 142 0 119 
47 107 46 63 0 116 114 0 124 146 0 102 143 2 77 139 0 126 
50 111 49 78 0 119 128 0 129 160 0 100 156 7 79 144 0 122 
51 113 52 82 0 117 130 0 126 165 0 100 165 12 83 153 0 124 
52 112 50 83 0 120 130 0 129 168 0 101 161 11 84 152 0 123 
47 108 50 73 0 114 120 0 121 155 0 101 151 5 82 147 0 121 
47 102 49 70 0 110 120 0 117 156 0 96 147 4 72 143 0 120 
49 100 52 67 0 111 114 0 120 152 0 103 142 2 74 144 0 118 
52 100 51 70 0 112 114 0 121 151 0 102 143 0 75 140 0 121 
51 108 48 70 0 111 123 0 121 156 0 100 150 4 77 143 0 121 
52 108 48 77 0 114 126 0 122 159 0 99 147 5 77 150 0 121 
52 111 49 79 0 108 123 0 120 160 0 97 152 11 75 151 0 120 
49 109 52 75 0 108 124 0 118 157 0 95 149 11 72 148 0 118 
54 109 49 75 0 110 124 0 120 159 0 99 152 5 74 148 0 121 
51 109 49 76 0 111 125 0 120 160 0 99 151 7 75 150 0 123 
48 106 52 75 0 108 122 0 117 156 0 100 149 8 72 146 0 121 
48 103 50 68 0 112 118 0 115 151 0 96 141 3 72 144 0 120 
48 101 50 68 0 112 117 0 116 147 0 98 135 2 71 144 0 118 
47 105 48 71 0 110 116 0 117 152 0 98 140 2 72 144 0 119 
49 102 52 70 0 110 117 0 117 154 0 98 140 6 72 145 0 118 
51 106 51 72 0 109 118 0 118 151 0 98 142 4 71 144 0 121 
51 104 49 68 0 111 117 0 117 148 0 98 140 2 71 143 0 120 
53 103 48 68 0 112 118 0 118 151 0 99 137 2 71 140 0 119 
47 103 49 67 0 111 116 0 117 149 0 96 141 4 71 143 0 119 
49 106 48 70 0 110 116 0 116 152 0 97 139 3 70 144 0 119 
49 106 48 72 0 109 116 0 119 151 0 97 140 4 72 146 0 121 
48 103 49 70 0 114 116 0 118 150 0 97 141 3 70 145 0 116 
49 103 50 70 0 107 118 0 116 149 0 94 142 6 70 143 0 117 
49 106 49 70 0 112 117 0 115 151 0 94 138 4 72 140 0 120 
49 103 48 68 0 111 116 0 117 148 0 96 141 4 71 144 0 119 
47 102 50 70 0 107 118 0 112 148 0 94 141 8 69 143 0 117 
49 105 49 70 0 109 119 0 116 150 0 98 138 4 69 143 0 120 
49 103 50 69 0 111 117 0 118 148 0 95 138 6 70 144 0 119 
52 102 49 67 0 110 116 0 115 149 0 95 138 4 74 144 0 117 
48 103 50 69 0 108 116 0 114 147 0 96 138 3 70 145 0 118 
48 101 50 68 0 109 119 0 117 150 0 93 140 7 68 142 0 117 
50 97 48 68 0 109 116 0 114 147 0 95 137 0 67 140 0 117 
47 96 49 66 0 107 116 0 112 143 0 95 132 2 73 141 0 115 
46 102 51 72 0 105 120 0 111 150 0 92 145 7 71 145 0 116 
52 100 51 68 0 105 112 0 116 146 0 102 134 0 77 143 0 118 
23 11 121 46 0 136 82 0 116 123 0 125 130 0 133 124 0 150 
25 10 120 47 0 135 83 0 116 127 0 125 132 0 132 126 0 151 
24 10 122 48 0 133 83 0 114 129 0 124 131 0 130 126 0 149 
25 11 121 50 0 135 85 0 115 127 0 123 134 0 131 127 0 148 
25 9 122 49 0 134 85 0 114 128 0 122 133 0 129 127 0 149 
25 9 122 47 0 135 84 0 117 128 0 126 132 0 134 127 0 152 
22 10 122 47 0 131 81 0 112 122 0 120 131 0 129 125 0 147 
25 10 123 49 0 134 85 0 114 126 0 124 133 0 133 127 0 149 
24 9 122 47 0 133 82 0 116 129 0 128 133 0 131 127 0 149 
24 10 123 47 0 134 82 0 116 127 0 126 132 0 132 125 0 150 
24 10 123 49 0 133 83 0 114 126 0 123 131 0 131 125 0 148 
25 10 122 48 0 134 82 0 116 126 0 125 131 0 133 127 0 152 
24 9 121 47 0 133 82 0 112 123 0 123 131 0 132 124 0 148 
27 7 120 49 0 133 85 0 113 129 0 124 134 0 132 127 0 149 
25 7 120 47 0 131 82 0 112 125 0 122 129 0 129 125 0 148 
28 5 119 48 0 134 82 0 115 125 0 123 129 0 132 126 0 150 
27 8 120 46 0 134 81 0 116 125 0 126 129 0 132 124 0 150 
27 5 118 49 0 134 83 0 114 127 0 124 130 0 132 126 0 150 
27 5 118 48 0 131 83 0 112 124 0 119 131 0 129 127 0 147 
26 6 118 48 0 132 82 0 113 125 0 122 128 0 131 125 0 148 
28 5 120 48 0 135 82 0 116 125 0 124 131 0 132 126 0 150 
29 4 119 49 0 133 83 0 113 128 0 122 132 0 131 127 0 148 
27 4 118 47 0 130 82 0 111 125 0 120 130 0 129 125 0 148 
27 4 118 47 0 131 80 0 112 122 0 119 128 0 130 125 0 148 
29 2 117 49 0 130 83 0 112 126 0 121 130 0 130 127 0 148 
28 3 117 47 0 132 81 0 113 126 0 123 129 0 130 126 0 149 
28 1 116 46 0 130 81 0 112 125 0 122 128 0 129 125 0 149 
28 2 117 47 0 131 82 0 112 125 0 121 129 0 129 125 0 147 
28 2 117 47 0 132 81 0 112 127 0 123 129 0 130 125 0 149 
28 2 117 47 0 130 80 0 111 125 0 121 128 0 128 125 0 147 
28 1 117 46 0 129 81 0 111 121 0 120 127 0 130 126 0 148 
30 1 117 48 0 130 82 0 111 127 0 122 130 0 129 126 0 149 
30 1 116 48 0 132 82 0 112 125 0 121 130 0 132 126 0 150 
27 2 118 47 0 131 81 0 111 128 0 122 128 0 129 126 0 147 
30 0 115 48 0 129 83 0 109 125 0 119 130 0 128 127 0 146 
31 0 115 50 0 129 85 0 109 129 0 117 132 0 129 128 0 147 
29 0 115 48 0 127 83 0 107 124 0 115 132 0 124 128 0 143 
28 0 114 47 0 127 81 0 107 122 0 115 129 0 124 126 0 144 
30 0 116 47 0 128 81 0 108 124 0 119 130 0 127 127 0 146 
31 0 115 49 0 127 83 0 109 125 0 118 131 0 127 127 0 146 
30 0 114 48 0 129 82 0 109 127 0 121 130 0 126 128 0 147 
30 0 114 48 0 126 82 0 106 126 0 118 129 0 126 127 0 145 
31 0 113 47 0 129 81 0 109 123 0 117 130 0 128 127 0 145 
31 0 112 48 0 128 82 0 108 122 0 116 130 0 125 126 0 145 
30 0 111 50 0 125 84 0 106 126 0 115 132 0 123 131 0 144 
31 0 113 46 0 130 80 0 109 122 0 118 129 0 127 127 0 146 
31 0 111 48 0 127 81 0 107 127 0 118 131 0 125 127 0 145 
31 0 113 49 0 127 82 0 108 126 0 119 131 0 127 127 0 145 
31 0 111 49 0 128 82 0 108 126 0 117 131 0 127 128 0 146 
30 0 111 49 0 126 83 0 106 126 0 118 131 0 126 128 0 144 
2 27 211 57 0 135 103 0 116 151 0 108 155 0 125 135 0 136 
4 34 205 71 0 117 109 0 103 152 0 94 164 0 117 139 0 133 
4 29 191 73 0 117 114 0 100 155 0 89 170 0 116 147 0 131 
6 24 179 81 0 107 118 0 90 159 0 83 173 2 111 152 0 121 
8 21 179 83 0 108 122 0 91 157 0 80 174 5 110 154 0 125 
9 14 178 83 0 108 120 0 92 153 0 80 173 12 109 156 0 122 
21 3 168 102 0 105 140 0 88 171 8 72 188 21 110 167 0 126 
18 1 162 102 0 100 139 0 83 169 8 68 187 21 109 168 0 123 
36 0 162 122 0 110 159 0 92 190 23 79 200 33 119 184 0 132 
30 0 167 112 0 109 148 0 92 181 13 79 192 26 117 181 0 134 
35 0 167 118 0 113 156 0 96 185 15 81 195 29 121 181 0 137 
27 5 175 99 0 115 136 0 101 171 4 90 177 17 120 163 0 136 
0 32 166 71 0 88 104 0 71 134 0 61 157 2 81 136 0 107 
0 41 161 54 0 82 89 0 69 117 0 63 146 0 76 125 0 101 
0 44 159 48 0 80 83 0 69 117 0 68 139 0 77 118 0 99 
0 45 167 37 0 84 68 0 73 104 0 72 130 0 75 115 0 99 
0 45 166 51 0 84 83 0 72 116 0 69 139 0 76 121 0 101 
0 40 165 50 0 82 83 0 71 117 0 68 140 0 76 123 0 105 
0 32 161 56 0 80 91 0 72 126 0 70 147 0 82 129 0 106 
8 20 166 74 0 94 108 0 82 144 0 74 159 1 95 144 0 120 
16 7 158 90 0 91 125 0 78 159 2 67 174 9 91 159 0 125 
21 5 179 79 0 106 116 0 95 157 0 88 165 0 110 148 0 142 
26 8 175 85 0 114 120 0 104 160 0 95 165 0 120 151 0 143 
19 2 168 84 0 90 120 0 75 157 0 68 172 0 93 150 0 124 
18 9 176 74 0 98 107 0 87 143 0 82 153 0 104 139 0 135 
10 8 158 75 0 78 109 0 68 141 0 62 162 0 89 144 0 120 
8 16 173 62 0 92 96 0 80 134 0 77 149 0 94 131 0 130 
8 22 183 55 0 100 89 0 88 126 0 85 137 0 99 122 0 132 
13 29 186 44 0 107 76 0 95 113 0 93 123 0 105 112 0 139 
0 41 193 43 0 99 77 0 87 115 0 83 135 0 95 112 0 132 
0 40 187 43 0 93 77 0 82 113 0 76 137 0 89 113 0 127 
5 36 192 49 0 105 84 0 94 130 0 91 142 0 102 116 0 135 
14 19 177 73 0 95 106 0 85 142 0 78 160 0 99 136 0 133 
15 12 184 73 0 96 107 0 86 141 0 79 158 0 107 141 0 142 
24 4 172 87 0 94 122 0 81 152 1 71 169 6 99 153 0 135 
13 5 153 90 0 74 125 0 65 150 5 57 174 14 90 155 0 119 
10 12 152 84 0 73 115 0 62 140 8 56 166 15 86 153 0 118 
13 5 149 92 0 69 123 0 60 145 14 51 173 19 85 156 0 121 
16 5 161 85 0 82 119 0 72 149 4 65 169 9 94 153 0 123 
17 7 159 85 0 82 119 0 72 149 2 65 167 5 96 150 0 123 
15 7 161 86 0 83 120 0 72 146 0 63 167 7 91 149 0 124 
16 7 160 84 0 83 118 0 72 148 1 66 167 6 95 150 0 124 
14 7 160 83 0 82 116 0 72 147 1 66 165 6 93 148 0 124 
15 7 159 84 0 81 116 0 70 149 1 66 166 5 91 149 0 124 
14 7 160 82 0 81 117 0 73 145 0 65 165 4 93 150 0 125 
20 5 160 87 0 85 121 0 76 154 2 69 169 6 99 150 0 126 
5 17 166 70 0 81 102 0 69 135 0 65 156 1 88 137 0 117 
0 24 161 65 0 75 96 0 65 129 1 63 150 1 81 133 0 112 
2 21 160 68 0 74 101 0 63 130 0 61 151 2 80 135 0 113 
0 24 164 65 0 76 96 0 65 122 0 60 149 1 80 131 0 112 
0 34 157 81 0 139 137 0 145 180 0 113 171 4 104 151 0 111 
10 18 149 91 0 140 148 0 145 179 0 112 174 11 103 159 0 117 
11 14 146 94 0 135 153 0 143 184 0 105 179 14 101 160 0 116 
15 13 147 100 0 137 151 0 145 188 0 106 177 8 100 160 0 117 
0 34 150 72 0 125 121 0 126 160 0 100 144 0 81 141 0 109 
0 33 146 69 0 120 117 0 126 156 0 99 139 0 80 144 0 108 
3 32 150 71 0 125 119 0 129 158 0 107 139 0 89 141 0 109 
0 31 155 66 0 127 120 0 129 159 0 105 133 0 83 143 0 110 
0 30 152 70 0 126 119 0 128 158 0 105 135 0 84 144 0 108 
5 27 154 76 0 124 122 0 128 161 0 102 138 0 84 148 0 110 
9 22 142 86 0 124 129 0 129 166 0 103 147 0 84 153 0 112 
15 21 139 91 0 127 139 0 127 172 0 95 157 0 81 157 0 113 
13 15 138 85 0 122 134 0 122 165 0 95 151 4 82 154 0 112 
11 16 144 86 0 123 137 0 123 166 0 98 150 1 79 157 0 113 
13 18 141 84 0 127 132 0 129 169 0 98 147 1 81 152 0 115 
13 15 143 86 0 128 133 0 125 165 0 97 148 1 81 155 0 117 
12 16 140 83 0 125 134 0 124 165 0 100 148 1 84 156 0 115 
15 13 139 88 0 125 134 0 125 167 0 98 150 3 81 160 0 115 
15 15 142 92 0 131 137 0 129 168 0 101 151 4 81 157 0 119 
14 17 137 87 0 125 135 0 127 168 0 95 148 4 83 156 0 114 
10 15 139 78 0 121 127 0 126 161 0 100 143 1 84 153 0 114 
9 18 143 80 0 123 132 0 123 164 0 96 146 0 80 151 0 110 
9 17 142 80 0 119 128 0 123 159 0 96 143 1 78 152 0 115 
16 18 138 85 0 123 133 0 123 164 0 94 145 4 79 156 0 116 
16 13 139 87 0 125 132 0 123 165 0 95 149 3 80 157 0 111 
14 14 137 87 0 125 137 0 123 164 0 90 149 4 76 157 0 114 
13 15 140 87 0 124 130 0 126 167 0 100 147 0 81 153 0 113 
14 16 144 84 0 123 129 0 124 166 0 98 141 0 80 153 0 115 
7 20 131 78 0 120 122 0 125 162 0 101 139 0 86 150 0 113 
9 22 143 81 0 122 127 0 122 158 0 98 140 0 79 148 0 113 
7 20 146 77 0 120 124 0 123 158 0 101 139 0 76 148 0 113 
8 20 140 77 0 120 125 0 125 159 0 98 143 0 79 146 0 111 
9 19 139 77 0 118 124 0 124 160 0 98 140 0 82 150 0 112 
14 18 140 84 0 118 126 0 122 162 0 99 140 2 79 153 0 114 
17 17 136 82 0 120 126 0 123 165 0 97 144 0 80 153 0 114 
17 18 133 83 0 119 132 0 118 160 0 93 146 7 76 155 0 113 
12 15 130 85 0 116 133 0 120 161 0 90 147 6 76 157 0 113 
14 15 134 87 0 118 130 0 117 160 0 95 146 7 74 154 0 113 
14 15 135 88 0 118 133 0 118 160 0 91 146 5 73 154 0 112 
13 19 125 79 0 118 124 0 121 160 0 99 142 0 82 150 0 112 
8 20 143 77 0 116 125 0 119 155 0 97 137 0 78 147 0 110 
4 22 141 76 0 118 121 0 118 155 0 99 136 0 75 147 0 112 
4 28 145 70 0 115 118 0 118 152 0 98 134 0 74 146 0 114 
6 26 146 75 0 119 118 0 118 152 0 97 135 0 75 145 0 110 
5 29 144 72 0 117 118 0 120 152 0 100 135 0 77 147 0 113 
6 24 141 76 0 115 120 0 117 154 0 97 146 0 73 148 0 114 
7 23 138 78 0 112 123 0 115 155 0 89 141 0 72 150 0 110 
10 19 139 82 0 113 130 0 114 158 0 88 145 5 70 154 0 113 
8 22 135 83 0 114 128 0 114 157 0 90 145 8 71 153 0 112 
11 19 133 85 0 112 131 0 113 157 0 86 146 7 69 153 0 110 
64 30 56 64 0 126 103 0 138 121 0 71 99 71 25 151 0 155 
65 30 53 63 0 127 102 0 140 115 0 67 99 71 24 151 0 155 
64 30 54 64 0 125 103 0 138 120 0 68 97 71 24 150 0 154 
63 30 55 62 0 125 101 0 138 117 0 67 99 72 24 149 0 155 
65 31 53 63 0 125 102 0 138 117 0 67 99 71 24 148 0 154 
66 30 52 63 0 125 101 0 137 117 0 66 99 71 22 150 0 155 
63 32 52 61 0 120 99 0 135 116 0 67 98 73 25 149 0 154 
66 28 54 60 0 126 98 0 137 114 0 68 97 73 24 148 0 156 
65 30 54 60 0 124 99 0 137 112 0 65 96 73 24 149 0 157 
67 30 54 59 0 124 97 0 137 113 0 67 95 72 24 148 0 158 
67 30 53 62 0 124 101 0 138 114 0 67 96 72 25 148 0 157 
69 29 53 59 0 125 97 0 139 114 0 67 94 71 25 147 0 158 
67 31 54 61 0 124 99 0 137 115 0 68 93 71 25 147 0 157 
67 30 54 61 0 125 100 0 138 116 0 69 95 71 25 148 0 156 
67 30 53 60 0 126 98 0 139 115 0 66 96 70 22 147 0 158 
69 31 53 62 0 127 101 0 139 114 0 67 96 68 25 148 0 156 
66 29 56 60 0 122 98 0 135 113 0 65 95 72 24 147 0 156 
67 29 53 59 0 124 98 0 135 117 0 67 96 70 24 147 0 155 
66 29 54 60 0 125 98 0 137 112 0 67 95 70 25 147 0 157 
67 28 54 59 0 125 97 0 137 113 0 66 94 72 22 146 0 155 
65 30 54 59 0 123 98 0 135 115 0 66 95 72 24 146 0 155 
65 29 56 58 0 122 97 0 135 111 0 66 93 74 24 145 0 154 
67 29 53 58 0 124 98 0 136 111 0 64 94 71 24 146 0 155 
66 29 55 57 0 124 97 0 137 110 0 64 94 72 25 147 0 155 
66 29 56 58 0 123 96 0 136 111 0 66 94 73 25 146 0 155 
68 28 54 56 0 125 96 0 138 111 0 67 93 68 25 145 0 157 
66 27 55 56 0 125 95 0 136 109 0 65 93 72 23 145 0 156 
67 28 54 56 0 124 96 0 137 113 0 67 93 71 24 146 0 158 
67 28 55 55 0 123 95 0 136 113 0 68 93 70 25 145 0 157 
65 29 52 58 0 122 97 0 136 115 0 64 95 70 22 149 0 157 
67 27 54 56 0 124 95 0 136 110 0 65 94 70 25 145 0 157 
67 29 54 58 0 123 96 0 133 111 0 62 95 71 23 148 0 156 
66 29 54 56 0 122 96 0 134 113 0 65 95 70 24 147 0 157 
68 29 55 56 0 124 94 0 136 112 0 67 90 70 24 146 0 156 
67 28 54 54 0 122 95 0 134 110 0 63 92 73 24 145 0 155 
64 30 53 58 0 120 99 0 132 112 0 61 98 71 23 148 0 156 
67 30 54 56 0 123 95 0 135 111 0 64 93 71 24 146 0 155 
66 29 55 55 0 123 96 0 135 111 0 64 94 70 24 146 0 157 
69 29 52 57 0 122 97 0 135 111 0 62 94 69 24 147 0 156 
68 28 54 52 0 122 94 0 135 110 0 64 92 71 24 145 0 157 
68 27 56 53 0 121 94 0 133 108 0 63 90 72 24 144 0 155 
68 29 53 54 0 121 97 0 134 111 0 64 94 70 24 146 0 156 
69 28 55 52 0 122 94 0 135 110 0 65 91 70 24 144 0 157 
67 27 55 52 0 121 94 0 134 109 0 62 93 72 22 145 0 157 
68 28 55 53 0 121 94 0 135 110 0 63 92 70 24 145 0 155 
65 21 60 45 0 120 86 0 129 101 0 60 88 80 24 138 0 151 
64 30 54 54 0 116 97 0 129 112 0 59 97 73 24 146 0 152 
66 22 57 45 0 119 86 0 130 100 0 60 86 75 22 139 0 154 
66 24 57 48 0 119 90 0 130 107 0 61 89 73 23 142 0 154 
69 23 57 47 0 120 90 0 131 104 0 61 90 71 23 141 0 155 
15 47 80 44 0 100 77 0 99 133 0 76 101 151 28 123 0 115 
24 60 70 49 0 103 82 0 108 139 0 90 117 124 33 127 0 121 
21 68 68 55 0 96 88 0 101 141 0 82 126 124 36 134 0 116 
16 65 67 54 0 95 90 0 98 143 0 77 127 128 33 130 0 113 
19 64 70 54 0 98 88 0 99 139 0 78 124 129 35 131 0 114 
27 71 72 58 0 100 90 0 104 145 0 90 123 120 42 133 0 117 
7 55 74 40 0 85 77 0 81 132 0 64 127 147 34 121 0 100 
19 60 72 50 0 92 86 0 91 140 0 71 124 134 36 127 0 111 
12 63 71 49 0 85 86 0 85 142 0 67 130 140 35 130 0 104 
19 60 66 46 0 93 81 0 95 138 0 76 121 131 34 128 0 114 
31 61 62 50 0 105 85 0 108 138 0 87 112 120 33 128 0 126 
22 64 67 48 0 95 84 0 96 141 0 79 124 131 33 127 0 112 
23 56 73 46 0 99 82 0 96 135 0 75 117 136 36 123 0 115 
19 57 72 43 0 94 79 0 92 133 0 73 119 137 34 122 0 111 
24 55 75 43 0 98 79 0 96 135 0 78 115 134 37 122 0 115 
22 59 71 46 0 95 82 0 93 138 0 73 118 132 31 127 0 116 
24 59 69 45 0 97 79 0 95 133 0 74 118 131 34 125 0 116 
30 64 70 50 0 102 85 0 104 138 0 87 120 124 39 126 0 119 
24 65 71 51 0 96 88 0 94 143 0 75 124 131 37 129 0 114 
20 66 73 51 0 91 86 0 90 140 0 73 125 135 39 129 0 109 
14 68 76 51 0 82 89 0 82 145 0 68 131 137 38 132 0 105 
23 67 73 50 0 101 92 0 93 144 0 75 125 130 39 131 0 113 
25 62 71 44 0 100 84 0 98 142 0 80 119 131 36 127 0 117 
27 63 67 46 0 107 85 0 102 149 0 80 117 125 29 131 0 121 
29 60 65 47 0 109 83 0 106 146 0 83 113 126 28 127 0 125 
36 58 63 48 0 116 85 0 112 144 0 91 107 120 30 128 0 130 
34 57 62 49 0 112 84 0 111 143 0 87 105 123 28 126 0 130 
35 63 58 53 0 112 90 0 108 149 0 89 111 121 28 130 0 128 
35 62 58 52 0 114 88 0 110 145 0 90 110 116 29 131 0 130 
32 66 58 52 0 107 90 0 105 148 0 85 116 120 33 132 0 123 
28 62 61 49 0 104 87 0 100 144 0 78 115 126 31 131 0 121 
29 63 59 49 0 103 86 0 101 147 0 81 115 124 29 130 0 121 
30 63 59 50 0 104 87 0 102 146 0 82 114 125 31 129 0 123 
26 63 59 49 0 101 86 0 98 148 0 78 116 128 29 131 0 119 
29 63 59 49 0 104 87 0 102 144 0 81 114 125 29 130 0 121 
29 63 61 50 0 104 88 0 101 146 0 80 116 126 31 131 0 121 
31 64 60 51 0 106 88 0 104 147 0 83 116 123 31 130 0 125 
32 61 60 47 0 105 83 0 103 144 0 83 111 125 31 128 0 123 
21 64 60 50 0 95 88 0 92 148 0 73 120 131 28 131 0 114 
24 61 60 46 0 95 84 0 92 135 0 70 113 132 29 130 0 118 
30 58 64 45 0 103 83 0 99 137 0 78 111 130 34 124 0 119 
25 58 62 45 0 98 84 0 93 140 0 74 113 134 31 125 0 117 
29 59 63 49 0 101 86 0 97 141 0 78 111 129 31 128 0 120 
32 61 61 49 0 103 87 0 99 141 0 78 110 125 31 129 0 123 
27 65 63 52 0 96 88 0 93 142 0 74 118 127 32 131 0 118 
26 58 63 47 0 98 84 0 93 135 0 72 111 133 32 127 0 117 
28 62 62 48 0 100 84 0 94 138 0 72 110 129 30 127 0 119 
26 59 62 46 0 98 82 0 93 136 0 71 111 130 30 128 0 119 
27 59 60 47 0 97 84 0 94 141 0 75 109 130 29 127 0 119 
17 58 73 41 0 87 79 0 83 135 0 66 116 141 39 120 0 109 
16 73 78 71 0 120 130 0 145 167 0 80 152 144 50 142 0 118 
14 68 81 67 0 118 123 0 138 155 0 76 143 151 53 143 0 115 
19 75 77 74 0 119 131 0 139 159 0 75 150 145 56 148 0 118 
18 85 75 80 0 115 136 0 135 164 2 74 152 146 55 152 0 116 
16 84 74 78 0 116 139 0 135 163 3 74 154 147 57 152 0 114 
18 91 74 86 0 113 139 0 133 168 8 73 158 146 56 156 0 115 
16 83 73 84 0 108 139 0 129 165 5 69 154 146 55 152 0 115 
16 81 73 87 0 106 137 0 125 162 1 70 151 144 53 149 0 116 
19 68 80 69 0 116 121 0 134 147 0 73 136 155 53 140 0 116 
16 70 78 66 0 112 125 0 128 147 0 71 136 160 51 139 0 112 
20 70 79 71 0 114 124 0 133 150 0 74 137 156 52 140 0 114 
17 69 75 69 0 110 125 0 129 150 0 72 137 154 51 143 0 116 
17 75 75 73 0 112 128 0 128 154 0 71 139 156 49 147 0 113 
16 75 76 78 0 110 129 0 128 154 1 70 142 156 52 144 0 113 
22 73 72 76 0 114 125 0 133 156 0 80 139 148 52 144 0 116 
21 70 72 76 0 117 130 0 133 156 0 76 138 149 51 147 0 118 
19 76 71 74 0 112 129 0 130 154 0 75 140 152 49 146 0 115 
24 74 69 81 0 117 134 0 137 160 0 74 141 146 50 150 0 119 
20 71 73 68 0 113 120 0 131 145 0 76 132 153 51 138 0 116 
23 74 71 75 0 111 129 0 131 154 0 75 137 153 49 142 0 118 
20 77 72 73 0 109 126 0 129 151 0 75 132 153 50 144 0 118 
23 76 72 80 0 113 135 0 130 155 0 70 140 153 51 150 0 120 
25 80 67 81 0 113 138 0 133 157 4 73 139 143 47 148 0 123 
22 78 67 81 0 111 134 0 127 156 1 69 140 148 48 152 0 117 
27 81 64 85 0 110 139 0 130 160 2 73 139 146 47 153 0 120 
25 80 66 82 0 112 135 0 132 161 2 74 139 145 47 153 0 120 
26 78 67 84 0 106 136 0 128 156 0 73 140 148 48 152 0 119 
24 79 67 80 0 107 130 0 129 155 0 75 138 148 47 150 0 118 
24 77 68 77 0 111 131 0 130 153 0 74 134 147 48 148 0 120 
22 75 69 77 0 109 128 0 124 151 0 71 136 151 48 147 0 119 
25 79 72 77 0 110 133 0 126 151 0 72 135 150 50 148 0 118 
18 81 73 77 0 103 130 0 125 153 2 69 141 151 50 148 0 116 
20 73 73 77 0 109 125 0 127 147 0 69 137 157 47 147 0 119 
25 77 66 82 0 113 134 0 130 158 1 70 138 146 49 152 0 118 
23 82 66 76 0 105 129 0 126 153 0 74 137 144 46 147 0 116 
29 82 62 88 0 112 142 0 136 164 0 75 141 139 44 159 0 124 
30 81 62 86 0 117 136 0 137 159 0 78 138 137 43 156 0 126 
24 77 66 79 0 108 131 0 130 154 0 72 136 146 50 152 0 121 
24 74 65 82 0 113 138 0 131 157 0 72 136 147 49 151 0 125 
23 75 67 82 0 111 129 0 127 155 0 75 135 148 45 151 0 121 
25 77 65 84 0 109 135 0 129 160 0 71 136 146 48 156 0 121 
27 82 65 86 0 110 134 0 130 157 0 74 137 144 50 157 0 120 
22 79 67 82 0 104 133 0 123 152 4 69 139 147 48 150 0 117 
26 76 66 81 0 112 132 0 127 152 0 74 135 149 44 151 0 124 
25 77 68 71 0 104 122 0 126 148 0 73 131 153 48 143 0 120 
25 76 67 80 0 105 134 0 125 155 0 70 135 148 47 151 0 122 
24 71 69 78 0 108 127 0 127 148 0 69 131 152 49 148 0 118 
23 70 69 75 0 109 125 0 127 148 0 73 131 149 47 143 0 121 
27 75 69 77 0 109 129 0 125 150 0 71 134 147 45 147 0 122 
24 74 69 78 0 106 131 0 126 149 0 70 135 149 47 149 0 122 
49 6 83 48 0 131 85 0 117 70 99 33 110 0 79 134 0 157 
51 8 80 47 0 133 84 0 118 74 100 34 111 0 79 133 0 157 
51 6 82 44 0 132 83 0 118 68 99 33 108 0 78 131 0 155 
50 6 82 46 0 131 86 0 115 71 101 32 111 0 76 133 0 155 
49 4 84 40 0 129 79 0 112 67 101 32 105 0 74 129 0 154 
50 6 82 43 0 130 82 0 114 69 99 32 108 0 77 130 0 155 
52 7 81 44 0 131 82 0 116 69 97 32 108 0 77 130 0 157 
53 5 81 43 0 131 81 0 114 67 95 31 106 0 76 130 0 155 
52 5 80 42 0 130 82 0 115 70 95 31 105 0 77 130 0 155 
53 5 81 43 0 131 81 0 115 68 96 32 104 0 76 129 0 156 
52 5 81 43 0 131 82 0 114 70 98 32 104 0 75 130 0 157 
53 5 82 43 0 132 80 0 113 69 97 33 104 0 77 131 0 157 
53 7 80 44 0 130 81 0 116 69 96 34 103 0 79 130 0 157 
56 4 81 44 0 133 80 0 118 68 93 32 103 0 79 129 0 158 
54 6 81 42 0 130 80 0 116 66 94 32 102 0 78 129 0 157 
55 6 80 44 0 132 81 0 116 70 96 32 104 0 79 130 0 158 
53 5 81 42 0 128 80 0 113 70 97 33 105 0 75 130 0 154 
58 6 79 45 0 134 83 0 120 71 93 32 104 0 81 131 0 160 
53 6 81 42 0 129 82 0 114 70 98 34 105 0 76 129 0 155 
53 3 82 40 0 126 78 0 112 65 99 32 102 0 75 128 0 154 
58 5 79 43 0 134 80 0 118 66 91 31 100 0 81 129 0 159 
55 5 79 42 0 128 79 0 112 67 97 31 101 0 76 128 0 156 
55 3 81 42 0 131 78 0 115 65 98 34 99 0 77 129 0 156 
56 6 79 42 0 130 81 0 115 68 95 31 101 0 79 129 0 157 
56 4 79 41 0 131 78 0 115 65 94 32 100 0 78 129 0 156 
57 5 78 41 0 130 80 0 116 69 96 33 101 0 80 128 0 157 
55 5 79 43 0 133 80 0 117 69 97 35 100 0 80 129 0 158 
59 5 77 42 0 132 79 0 116 69 95 32 100 0 80 129 0 157 
60 5 78 41 0 132 79 0 117 66 92 32 100 0 81 128 0 158 
59 5 77 42 0 133 78 0 117 67 94 33 100 0 79 128 0 158 
59 5 77 41 0 131 79 0 115 68 94 31 101 0 80 128 0 158 
58 6 76 42 0 131 79 0 115 66 93 33 100 0 79 129 0 157 
59 6 77 41 0 131 80 0 117 67 94 32 102 0 80 128 0 157 
60 4 78 40 0 133 77 0 117 64 92 33 98 0 80 127 0 158 
57 6 77 43 0 128 82 0 112 70 99 32 101 0 77 130 0 156 
59 6 77 42 0 130 80 0 115 70 97 35 101 0 79 128 0 155 
60 6 76 42 0 131 79 0 118 66 93 32 100 0 80 129 0 158 
60 6 76 41 0 132 79 0 116 68 95 32 100 0 79 129 0 159 
58 5 76 41 0 131 79 0 116 70 98 35 101 0 80 129 0 156 
61 6 76 41 0 133 79 0 118 69 93 34 101 0 80 127 0 157 
60 5 77 39 0 132 78 0 117 68 93 34 99 0 80 128 0 158 
57 5 78 40 0 128 79 0 113 66 96 34 100 0 79 127 0 157 
58 5 78 41 0 131 79 0 115 70 98 35 100 0 78 128 0 157 
59 5 77 41 0 131 80 0 116 68 95 31 101 0 79 128 0 155 
58 5 77 40 0 128 80 0 114 67 95 31 100 0 79 129 0 157 
59 6 76 41 0 131 81 0 115 68 95 32 101 0 79 129 0 158 
59 5 78 40 0 132 78 0 115 66 94 32 99 0 79 128 0 157 
62 4 77 39 0 131 79 0 116 67 91 32 100 0 81 128 0 159 
59 7 75 41 0 131 80 0 115 68 95 32 100 0 80 129 0 156 
56 7 75 40 0 127 81 0 112 70 98 32 102 0 77 131 0 154 
16 55 59 43 0 98 89 0 74 110 167 47 138 0 74 127 0 122 
20 53 64 38 0 105 81 0 79 105 174 58 128 0 74 119 0 122 
29 58 77 42 0 103 79 0 86 102 158 71 121 4 84 120 0 125 
37 52 66 39 0 120 84 0 97 99 155 51 128 0 81 122 0 135 
14 49 71 35 0 90 81 0 68 104 182 63 125 1 61 116 0 115 
20 50 68 29 0 102 83 0 81 106 172 62 126 0 64 117 0 122 
23 53 66 38 0 106 89 0 82 106 169 59 129 1 63 123 0 122 
38 63 57 51 0 115 99 0 94 116 153 49 135 0 79 133 0 134 
46 63 51 61 0 124 106 0 101 117 141 44 138 0 87 139 0 146 
42 74 47 68 0 115 115 0 97 131 147 47 151 0 88 149 0 140 
49 78 43 71 0 119 118 0 105 130 137 40 153 0 94 151 0 150 
47 76 45 70 0 116 118 0 102 132 140 43 151 0 92 151 0 146 
48 77 45 71 0 116 119 0 104 127 135 40 148 0 92 150 0 147 
48 68 47 63 0 120 111 0 104 123 139 44 142 0 91 143 0 146 
31 85 51 77 0 95 125 0 85 138 153 51 154 6 74 157 0 130 
44 74 49 69 0 112 115 0 99 126 144 46 145 0 86 149 0 139 
38 83 47 74 0 100 121 0 90 133 147 45 152 1 82 153 0 135 
45 79 47 74 0 108 121 0 98 130 144 44 150 0 86 153 0 142 
48 74 46 69 0 115 116 0 103 124 138 41 146 0 91 149 0 146 
48 71 47 69 0 114 115 0 103 127 142 44 145 0 88 146 0 146 
38 60 50 53 0 106 100 0 91 113 154 46 134 0 74 136 0 137 
36 57 56 48 0 105 95 0 90 108 153 48 129 0 71 131 0 134 
39 65 51 55 0 105 101 0 92 113 149 46 134 0 78 136 0 137 
41 63 53 56 0 106 102 0 94 116 150 47 134 0 79 136 0 139 
38 64 53 58 0 104 104 0 92 116 152 47 136 0 78 136 0 135 
33 62 55 52 0 99 100 0 87 115 159 51 132 0 70 134 0 131 
41 63 54 57 0 105 101 0 94 115 151 47 135 0 79 136 0 138 
41 66 51 59 0 105 104 0 94 117 147 47 138 0 81 139 0 140 
44 73 48 67 0 105 112 0 95 124 142 45 145 0 86 145 0 141 
46 70 48 65 0 106 111 0 96 126 146 44 141 0 82 146 0 143 
46 72 48 67 0 108 112 0 95 123 144 43 143 0 84 146 0 145 
42 67 48 63 0 104 108 0 93 118 145 42 139 0 80 143 0 143 
43 72 48 65 0 104 110 0 93 125 149 47 142 0 80 147 0 141 
46 73 48 67 0 107 113 0 97 124 145 46 144 0 86 146 0 142 
45 72 48 66 0 105 112 0 96 123 145 44 142 0 84 147 0 140 
46 72 47 66 0 105 112 0 97 123 145 44 144 0 85 144 0 143 
44 69 49 66 0 106 112 0 95 125 147 47 144 0 83 145 0 141 
47 71 47 68 0 108 114 0 99 125 144 43 144 0 85 146 0 144 
47 71 47 65 0 108 112 0 98 124 145 44 144 0 86 144 0 145 
44 70 48 66 0 105 111 0 93 126 149 46 142 0 81 145 0 141 
23 89 53 68 0 81 133 0 66 145 173 53 152 13 50 145 0 118 
35 87 59 72 0 99 124 0 88 135 155 61 144 15 64 145 0 119 
33 76 57 60 0 91 107 0 79 120 156 57 129 12 64 139 0 120 
18 80 64 65 0 73 114 0 62 127 171 63 134 23 49 138 0 106 
16 70 70 54 0 73 99 0 60 114 172 68 121 26 47 128 0 105 
18 70 65 58 0 75 105 0 63 121 173 64 126 20 47 130 0 108 
22 74 63 62 0 76 112 0 65 123 167 59 131 17 48 136 0 110 
23 70 61 57 0 77 105 0 65 119 167 58 124 15 50 133 0 113 
24 66 61 55 0 79 97 0 69 112 165 56 125 16 50 131 0 111 
32 78 56 67 0 89 120 0 76 125 157 55 136 13 60 140 0 120 
12 36 100 71 0 132 127 0 128 112 123 34 158 22 60 146 0 129 
18 38 94 72 0 135 124 0 129 114 120 33 153 14 69 145 0 128 
15 38 94 72 0 133 125 0 126 112 125 33 148 17 65 146 0 130 
18 39 93 72 0 131 125 0 125 112 121 31 145 17 65 146 0 131 
21 42 93 78 0 128 131 0 125 114 122 34 146 22 62 149 0 131 
19 40 92 70 0 128 126 0 127 114 117 34 144 18 65 142 0 130 
19 48 82 83 0 125 138 0 123 124 122 35 150 25 61 153 0 130 
22 58 78 86 0 126 140 0 127 132 120 34 156 26 64 154 0 129 
22 58 77 94 0 123 147 0 126 135 121 34 161 30 64 162 0 132 
22 68 70 103 0 117 158 0 125 149 122 37 171 36 66 168 0 125 
24 62 73 100 0 122 151 0 118 139 120 37 156 33 59 165 0 127 
22 47 79 83 0 123 136 0 125 119 117 32 145 17 60 154 0 132 
17 31 94 65 0 127 113 0 117 97 118 33 118 11 57 136 0 127 
23 23 97 54 0 127 103 0 126 81 110 32 108 4 65 129 0 135 
19 27 100 59 0 123 108 0 119 88 118 34 110 8 56 135 0 126 
20 25 97 58 0 122 109 0 122 88 116 33 110 7 57 133 0 132 
23 33 91 67 0 124 119 0 121 98 116 33 116 6 60 137 0 133 
22 42 80 77 0 125 128 0 121 110 118 32 131 12 61 145 0 134 
25 54 74 88 0 118 138 0 119 118 117 31 140 18 57 152 0 130 
29 65 68 97 0 114 147 0 117 136 119 33 150 20 59 160 0 132 
26 65 66 99 0 113 151 0 120 133 119 34 152 26 61 160 0 131 
27 65 69 99 0 114 149 0 118 132 118 34 151 24 61 162 0 132 
26 62 69 100 0 113 148 0 120 131 115 31 144 20 61 158 0 130 
24 57 73 88 0 112 138 0 120 120 119 32 136 18 56 152 0 129 
28 40 79 79 0 125 125 0 123 106 111 32 125 11 59 149 0 134 
24 42 79 79 0 113 127 0 115 111 116 32 123 12 57 143 0 130 
24 34 85 71 0 117 119 0 117 101 117 31 120 13 57 143 0 132 
22 33 88 70 0 119 116 0 116 94 119 33 115 10 55 139 0 132 
27 29 88 63 0 121 114 0 119 94 115 30 110 8 59 137 0 134 
25 31 87 62 0 120 112 0 122 95 114 30 114 5 60 138 0 132 
25 32 87 70 0 120 119 0 118 99 116 31 115 8 55 141 0 132 
25 40 84 74 0 116 121 0 119 106 113 33 119 13 55 141 0 133 
25 38 82 74 0 117 125 0 120 107 118 34 121 14 54 147 0 132 
28 47 77 86 0 115 134 0 119 126 115 32 132 15 58 154 0 131 
28 52 70 91 0 112 138 0 119 128 116 34 137 16 59 155 0 133 
28 52 73 90 0 113 139 0 119 126 114 33 136 18 57 156 0 130 
25 53 72 88 0 113 141 0 118 126 118 35 135 20 54 156 0 131 
27 52 74 93 0 112 138 0 120 130 117 32 136 17 58 157 0 133 
26 51 73 91 0 113 141 0 120 127 116 33 136 18 56 157 0 130 
29 52 73 89 0 111 141 0 116 128 116 33 134 20 55 156 0 131 
26 55 74 90 0 111 140 0 115 127 120 34 133 18 56 156 0 131 
24 53 73 86 0 108 135 0 116 127 118 33 129 20 54 154 0 130 
25 51 79 84 0 112 131 0 116 122 117 32 129 16 55 149 0 130 
26 44 75 81 0 117 134 0 116 117 115 31 125 12 57 152 0 130 
28 42 76 82 0 117 133 0 117 116 114 30 128 15 52 150 0 134 
28 43 78 74 0 116 129 0 116 104 117 30 118 13 55 147 0 131 
27 43 80 79 0 112 126 0 113 109 117 31 120 16 53 147 0 129 
22 49 82 76 0 107 126 0 112 109 124 32 120 18 50 147 0 126 
21 45 80 78 0 106 127 0 108 112 124 35 120 19 51 149 0 122 
23 42 80 77 0 111 127 0 111 112 117 31 121 20 51 146 0 128 
33 0 152 48 0 116 88 47 34 119 0 60 145 0 112 133 0 146 
36 0 152 47 0 118 87 46 34 118 0 59 145 0 111 133 0 149 
35 0 151 47 0 116 86 45 34 118 0 57 146 0 111 134 0 149 
35 0 157 44 0 121 83 45 36 112 0 60 142 0 112 130 0 149 
37 0 148 53 0 116 92 47 34 125 0 60 151 0 111 136 0 146 
35 0 156 46 0 118 85 48 35 112 0 56 142 0 109 130 0 146 
34 0 153 46 0 117 85 48 35 115 0 59 142 0 109 131 0 147 
32 0 152 47 0 113 86 50 33 117 1 57 143 0 106 132 0 145 
36 0 149 49 0 114 89 50 33 122 3 56 146 0 109 133 0 146 
33 0 153 47 0 113 86 50 33 114 0 55 141 0 107 132 0 146 
33 0 148 48 0 113 86 51 32 114 0 53 144 0 108 133 0 146 
34 0 152 48 0 113 87 49 34 116 0 55 143 0 107 134 0 145 
35 0 152 48 0 116 87 49 34 119 3 58 141 0 106 132 0 146 
33 0 149 45 0 112 87 51 31 117 3 53 141 0 105 132 0 144 
32 0 151 45 0 114 84 50 34 115 2 56 139 0 105 133 0 146 
36 0 150 47 0 115 86 47 35 116 0 58 140 0 107 132 0 147 
36 0 152 46 0 116 85 47 34 114 0 56 140 0 108 131 0 147 
34 0 153 46 0 114 84 49 33 112 0 55 139 0 106 131 0 146 
35 0 152 46 0 116 85 47 34 116 0 56 140 0 107 131 0 146 
35 0 151 46 0 115 87 48 33 115 0 54 141 0 105 133 0 147 
34 0 149 46 0 114 87 49 33 115 1 56 141 0 105 133 0 145 
33 0 152 47 0 115 84 50 34 112 1 55 139 0 106 131 0 146 
34 0 153 44 0 117 84 48 34 114 1 57 139 0 105 131 0 146 
35 0 153 45 0 115 85 48 32 113 0 52 140 0 107 132 0 149 
35 0 153 45 0 116 82 50 34 109 0 57 137 0 107 130 0 147 
36 0 154 46 0 118 84 48 35 112 0 57 139 0 107 131 0 149 
37 0 155 45 0 120 82 46 36 111 0 58 137 0 109 130 0 150 
36 0 150 47 0 115 85 47 33 116 1 55 138 0 107 133 0 149 
35 0 153 45 0 117 82 49 34 112 0 55 138 0 108 130 0 148 
47 34 60 56 0 129 98 16 48 129 0 59 148 0 113 142 0 144 
51 28 62 50 0 135 92 14 51 126 0 63 143 0 114 137 0 146 
50 33 61 55 0 133 97 14 50 127 0 62 146 0 117 140 0 147 
50 31 62 54 0 133 95 15 50 130 0 63 146 0 115 140 0 145 
48 30 61 51 0 129 94 16 46 128 0 62 144 0 112 140 0 146 
48 29 63 49 0 131 94 16 49 129 0 62 145 0 113 138 0 144 
49 31 62 54 0 133 94 15 49 129 0 62 147 0 113 140 0 145 
47 30 64 52 0 131 95 17 48 127 0 61 145 0 112 139 0 143 
46 30 63 51 0 129 95 20 46 126 0 58 144 0 109 140 0 143 
42 31 67 50 0 126 92 23 44 123 3 55 141 0 104 138 0 140 
41 32 67 51 0 123 94 27 42 122 6 52 143 0 101 139 0 137 
43 30 66 49 0 127 93 23 44 122 3 55 141 0 105 137 0 141 
40 32 66 49 0 124 94 26 42 122 6 52 143 0 103 138 0 136 
40 34 66 52 0 120 97 27 41 126 8 53 143 0 102 140 0 137 
41 33 66 51 0 124 95 24 43 125 6 53 144 0 102 140 0 138 
39 32 67 49 0 123 93 27 42 120 6 49 141 0 99 138 0 136 
37 33 68 51 0 122 95 29 42 120 7 51 142 0 99 139 0 134 
40 34 67 54 0 123 98 27 43 121 8 50 141 0 99 140 0 135 
38 33 69 52 0 116 96 32 40 119 12 47 138 0 96 139 0 136 
39 36 64 57 0 118 101 30 40 124 12 47 144 0 98 143 0 136 
39 33 68 53 0 118 97 31 41 118 9 46 142 0 98 141 0 136 
25 46 75 65 0 101 104 130 33 151 2 63 149 0 113 131 0 135 
28 43 82 58 0 102 98 131 40 140 10 61 139 0 112 126 0 135 
23 71 139 77 0 97 116 141 45 154 30 54 153 0 99 141 0 124 
13 50 101 48 0 81 89 161 48 116 23 38 129 0 94 116 0 119 
5 57 124 67 0 69 107 172 20 131 27 16 150 0 98 131 0 131 
18 70 67 78 0 61 113 149 42 139 28 46 148 0 100 143 0 126 
30 83 59 94 0 78 129 140 44 161 35 49 166 0 102 160 0 129 
8 84 67 81 9 49 120 171 50 133 48 31 152 2 78 157 0 105 
17 75 68 76 1 61 107 154 48 132 37 40 145 0 86 149 0 115 
17 84 64 82 4 58 117 156 48 137 39 42 151 0 90 151 0 116 
43 51 50 60 0 91 91 121 29 131 0 62 136 0 126 139 0 154 
4 34 77 23 6 60 61 158 44 95 18 40 105 0 91 102 0 114 
16 49 84 48 13 70 79 154 54 99 28 47 113 0 90 114 0 115 
6 34 93 26 21 66 57 162 59 80 27 35 95 0 81 99 0 108 
7 50 85 43 19 58 79 164 55 98 36 34 113 0 80 114 0 106 
21 63 67 70 2 68 98 149 47 128 33 40 138 0 89 138 0 124 
29 72 61 77 0 74 111 143 43 147 37 48 153 0 99 147 0 130 
29 44 47 51 0 89 82 134 24 139 0 45 146 0 107 122 0 136 
36 48 68 47 0 78 78 138 40 126 6 50 133 0 108 116 0 130 
29 41 64 42 0 81 73 138 38 133 0 58 136 0 109 112 0 129 
48 47 60 46 0 95 76 111 36 136 0 86 135 0 130 114 0 145 
27 48 66 71 0 87 104 132 32 139 14 50 152 0 107 129 0 133 
23 38 77 58 0 100 93 113 32 129 16 47 145 0 106 123 0 132 
24 36 83 59 0 98 91 103 27 128 12 52 141 0 100 119 0 129 
20 34 90 58 0 99 95 104 27 135 0 62 138 0 110 115 0 130 
14 31 92 49 0 93 73 113 32 136 0 68 146 0 104 115 0 128 
13 37 89 51 0 91 73 114 33 131 0 61 143 0 105 118 0 125 
19 32 88 53 0 96 80 103 31 138 0 63 144 0 108 120 0 126 
17 33 91 51 0 94 78 109 32 131 0 62 141 0 106 117 0 127 
12 40 89 55 0 84 89 114 31 131 3 53 141 0 98 121 0 120 
13 39 86 58 0 87 88 114 28 137 6 56 144 0 100 122 0 120 
12 34 92 51 0 89 79 112 33 125 1 56 135 0 97 118 0 121 
11 36 95 50 0 87 79 118 34 126 7 55 133 0 94 118 0 116 
8 36 94 50 0 85 78 117 31 122 3 52 133 0 95 118 0 117 
10 34 93 50 0 86 77 112 33 122 0 55 132 0 98 116 0 119 
13 40 92 53 0 89 82 114 33 130 5 59 136 0 100 118 0 119 
14 38 87 56 0 89 83 111 29 131 0 55 138 0 102 121 0 123 
18 31 89 52 0 94 79 107 31 130 0 58 134 0 99 119 0 125 
21 28 87 52 0 97 76 100 31 131 0 65 133 0 106 116 0 132 
18 30 89 51 0 94 76 104 31 130 0 60 132 0 101 116 0 128 
18 31 86 52 0 94 79 105 29 133 0 60 136 0 104 118 0 128 
18 33 87 54 0 93 81 107 30 131 1 58 136 0 101 119 0 126 
13 32 94 48 0 89 74 113 32 125 6 56 130 0 94 116 0 120 
19 35 88 55 0 93 80 109 31 135 4 61 137 0 101 118 0 125 
15 34 92 52 0 92 77 111 34 125 1 57 132 0 98 115 0 122 
16 32 91 51 0 92 77 109 31 127 0 56 132 0 99 117 0 124 
19 36 88 56 0 93 81 108 32 130 2 58 135 0 100 120 0 127 
17 36 87 56 0 92 81 106 30 132 1 56 135 0 100 122 0 126 
17 33 89 53 0 91 78 109 32 129 1 56 133 0 98 117 0 124 
18 34 87 54 0 92 81 109 33 133 3 60 136 0 101 118 0 124 
25 24 98 71 0 121 109 94 30 135 22 49 181 26 95 147 0 141 
24 29 97 74 0 118 112 97 29 137 21 49 183 20 95 145 0 139 
24 29 95 80 0 119 114 97 28 135 30 45 176 23 86 149 0 140 
23 29 91 80 0 114 113 102 28 137 29 48 177 23 88 149 0 139 
26 26 91 80 0 117 113 94 33 143 20 50 183 23 97 149 0 138 
29 29 89 84 0 120 116 91 30 144 23 48 187 30 99 150 0 144 
28 33 82 94 0 119 128 95 29 155 29 47 190 37 94 157 0 143 
30 33 85 90 0 119 123 92 30 141 20 55 186 34 101 155 0 147 
27 35 82 94 0 115 123 95 29 144 20 51 188 28 99 155 0 145 
24 25 99 74 0 114 107 100 28 129 16 50 175 17 95 147 0 139 
21 29 97 82 0 111 116 104 29 128 24 43 172 20 87 152 0 136 
18 31 96 76 0 105 112 107 30 127 23 46 172 16 87 147 0 133 
19 33 96 80 0 107 111 104 31 128 26 43 172 20 87 146 0 133 
24 33 91 83 0 106 112 98 28 134 23 47 180 20 98 148 0 138 
20 33 93 82 0 104 117 103 29 135 28 42 179 22 89 150 0 137 
23 34 88 79 0 104 111 100 31 137 31 46 179 24 95 152 0 140 
25 35 86 87 0 104 122 99 35 140 34 41 180 28 94 156 0 137 
26 33 87 90 0 107 122 99 31 139 30 47 184 27 96 152 0 138 
28 39 77 96 0 103 130 98 31 150 34 44 188 32 96 156 0 137 
29 41 80 96 0 105 131 95 32 146 35 45 189 31 97 159 0 138 
26 40 79 95 0 104 130 98 34 145 35 44 184 29 92 159 0 140 
27 41 80 96 0 103 131 99 35 145 37 43 183 32 90 160 0 138 
24 40 80 93 0 100 125 101 31 141 36 44 178 23 96 152 0 135 
25 41 81 99 0 102 126 101 32 143 39 39 183 30 87 158 0 136 
24 35 86 89 0 102 121 98 32 134 31 43 179 23 88 154 0 138 
21 39 85 89 0 97 119 103 31 131 33 41 171 24 84 151 0 134 
24 39 86 97 0 99 125 99 31 135 34 42 175 24 83 153 0 137 
26 42 80 89 0 99 123 99 31 139 36 45 172 20 88 158 0 137 
24 40 81 92 0 104 127 99 30 141 35 45 171 19 87 156 0 137 
28 38 80 96 0 104 128 93 32 141 32 44 175 20 87 162 0 137 
27 36 80 98 0 103 125 99 31 141 36 44 173 17 87 158 0 137 
26 33 81 94 0 108 124 96 31 136 29 45 170 17 88 157 0 140 
27 34 81 93 0 105 122 94 32 139 33 45 176 16 92 159 0 142 
27 33 81 98 0 104 128 96 31 141 36 41 174 22 83 166 0 140 
32 33 82 94 0 109 123 90 33 139 30 47 173 15 89 159 0 144 
30 35 78 96 0 108 128 91 31 141 28 47 174 18 92 161 0 144 
31 35 80 97 0 107 126 90 31 142 28 47 175 20 88 161 0 140 
31 35 78 103 0 98 130 93 31 135 31 45 175 17 91 160 0 143 
27 34 82 94 0 100 123 94 30 131 32 44 172 19 82 155 0 141 
26 35 82 91 0 101 120 96 29 127 27 43 168 15 85 153 0 140 
28 33 88 87 0 99 117 95 31 123 27 42 157 12 85 149 0 139 
25 35 85 88 0 96 119 97 29 122 25 41 161 10 79 152 0 141 
25 34 86 87 0 99 118 96 29 121 28 42 161 13 83 152 0 139 
25 32 90 89 0 99 119 99 31 123 28 44 164 10 78 151 0 137 
25 31 91 88 0 99 115 98 33 122 28 41 160 12 77 156 0 140 
31 31 82 100 0 100 122 92 29 130 32 40 167 17 78 161 0 143 
34 32 81 95 0 101 122 90 30 128 27 44 165 12 85 156 0 144 
29 34 82 94 0 101 122 90 30 128 27 47 168 15 83 155 0 141 
29 36 79 96 0 100 122 93 31 132 25 44 170 14 90 158 0 140 
30 37 80 95 0 101 122 91 33 130 27 45 167 13 85 156 0 139 
39 0 100 44 38 54 72 0 94 118 0 112 134 0 138 124 0 152 
39 0 100 44 36 53 72 0 94 117 0 114 134 0 140 124 0 153 
38 0 101 44 38 54 72 0 93 116 0 114 133 0 139 121 0 150 
38 0 100 42 38 52 70 0 92 110 0 110 130 0 135 122 0 151 
38 0 100 43 37 54 72 0 94 113 0 113 133 0 138 123 0 152 
41 0 99 43 35 55 71 0 94 115 0 115 132 0 139 122 0 152 
40 0 98 42 36 54 68 0 95 116 0 118 131 0 139 121 0 151 
37 0 99 42 38 53 71 0 92 115 0 113 133 0 137 121 0 151 
39 0 99 44 36 54 72 0 90 116 0 111 134 0 133 122 0 150 
39 0 99 44 36 54 71 0 93 116 0 114 133 0 136 122 0 151 
39 0 99 43 36 54 72 0 92 116 0 112 132 0 135 121 0 150 
39 0 100 42 39 54 69 0 93 114 0 114 131 0 136 120 0 150 
39 0 99 44 36 53 70 0 94 114 0 116 129 0 136 120 0 151 
40 0 97 43 34 54 72 0 94 115 0 114 133 0 136 120 0 152 
40 0 100 44 36 55 72 0 93 116 0 115 133 0 136 122 0 149 
38 0 101 44 38 52 72 0 91 116 0 113 132 0 135 122 0 151 
40 0 99 41 35 55 70 0 96 117 0 119 130 0 138 121 0 153 
41 0 100 45 36 53 72 0 93 114 0 113 131 0 138 122 0 152 
39 0 97 41 36 53 71 0 91 112 0 113 131 0 135 122 0 152 
39 0 99 43 36 53 72 0 91 113 0 109 131 0 133 122 0 150 
39 0 100 44 37 53 73 0 92 116 0 112 132 0 134 124 0 151 
40 0 101 45 37 55 70 0 94 113 0 114 130 0 137 120 0 150 
27 0 103 39 48 49 66 0 81 105 0 102 126 0 118 117 0 139 
34 0 102 42 42 52 69 0 88 111 0 109 129 0 129 119 0 145 
34 0 102 43 42 50 70 0 87 112 0 108 131 0 129 121 0 147 
35 0 101 44 42 51 70 0 88 110 0 107 131 0 129 122 0 146 
36 0 102 42 40 53 71 0 90 110 0 110 129 0 131 121 0 148 
36 0 100 42 39 52 70 0 89 111 0 108 130 0 130 120 0 147 
37 0 99 44 37 53 72 0 91 113 0 110 132 0 132 123 0 151 
39 0 102 45 37 54 72 0 93 114 0 112 131 0 134 122 0 151 
37 0 102 46 39 52 74 0 90 112 0 107 133 0 132 121 0 148 
37 0 100 43 37 52 71 0 90 115 0 110 131 0 132 120 0 150 
39 0 99 42 37 54 70 0 93 114 0 113 130 0 133 121 0 150 
39 0 101 43 37 54 71 0 90 112 0 110 130 0 133 121 0 150 
37 0 101 44 38 53 71 0 92 112 0 111 131 0 133 121 0 151 
36 0 102 43 39 52 72 0 89 112 0 109 132 0 132 122 0 148 
39 0 101 45 36 53 72 0 91 114 0 110 133 0 131 123 0 150 
37 0 100 44 38 52 71 0 90 116 0 114 131 0 133 121 0 150 
38 0 102 46 37 52 73 0 91 116 0 110 133 0 133 123 0 150 
38 0 100 42 37 52 69 0 92 113 0 112 130 0 133 121 0 151 
37 0 102 50 39 49 77 0 85 119 0 107 134 0 129 128 0 148 
38 0 105 47 38 50 75 0 87 118 0 109 133 0 130 127 0 149 
40 0 104 49 36 51 76 0 89 118 0 108 134 0 132 126 0 151 
39 0 103 51 38 50 77 0 86 120 0 106 136 0 126 127 0 149 
40 0 105 47 36 51 76 0 90 118 0 112 134 0 132 124 0 150 
40 0 105 51 35 51 77 0 88 118 0 108 134 0 131 127 0 151 
39 0 105 47 35 51 73 0 89 116 0 109 132 0 131 126 0 152 
38 0 104 50 38 47 76 0 87 116 0 106 135 0 129 126 0 148 
40 0 105 49 37 50 76 0 89 114 0 105 133 0 130 126 0 150 
40 0 105 48 36 51 74 0 89 117 0 110 132 0 131 126 0 151 
12 30 107 52 107 41 112 0 91 161 0 95 149 0 106 123 0 130 
13 21 109 54 100 36 116 0 91 160 0 95 142 0 107 119 0 136 
9 23 111 53 105 36 113 0 83 154 0 88 140 0 101 117 0 128 
11 27 126 57 106 36 111 0 79 148 0 85 133 0 106 122 0 130 
7 30 129 50 112 41 105 0 78 150 0 83 136 0 95 117 0 121 
0 40 140 47 128 43 93 0 72 141 0 73 136 0 84 111 0 108 
3 30 123 42 114 43 93 0 82 144 0 79 141 0 87 111 0 119 
4 22 120 38 107 40 91 0 83 142 0 82 135 0 91 110 0 125 
7 24 118 42 104 40 97 0 86 149 0 86 141 0 94 113 0 129 
24 25 105 82 98 33 128 0 77 154 0 76 147 0 96 129 0 131 
17 27 96 75 100 29 114 0 98 168 0 95 156 0 101 130 0 132 
21 27 93 85 94 28 137 0 95 178 0 96 161 0 101 131 0 135 
19 15 104 68 90 30 113 0 99 153 0 100 138 0 108 120 0 140 
30 10 107 60 77 37 116 0 107 154 0 106 137 0 115 119 0 145 
17 19 99 69 95 28 114 0 92 154 0 93 133 0 110 124 0 136 
26 11 99 68 82 30 115 0 105 153 0 109 123 0 121 120 0 147 
26 12 95 71 81 28 119 0 101 155 0 102 127 0 119 125 0 148 
27 13 96 74 81 30 121 0 102 156 0 104 126 0 121 127 0 150 
30 12 97 73 79 31 124 0 103 159 0 105 130 0 120 125 0 147 
29 14 96 76 80 30 124 0 104 159 0 106 130 0 118 127 0 148 
24 19 93 78 88 26 124 0 94 160 0 102 133 0 114 129 0 142 
25 14 97 75 83 29 123 0 98 160 0 103 131 0 115 127 0 145 
14 25 89 84 98 24 130 0 87 163 0 87 141 0 105 135 0 135 
17 25 97 79 94 29 124 0 91 159 0 94 135 0 107 130 0 133 
10 29 109 70 106 31 118 0 81 154 0 84 131 0 92 128 0 120 
0 47 122 62 132 39 74 0 77 121 0 77 125 0 73 114 0 101 
0 44 131 56 135 43 81 6 59 121 0 64 121 0 68 106 0 100 
0 42 141 46 136 48 46 11 69 92 0 74 98 0 81 93 1 101 
0 30 138 43 119 41 53 0 74 100 0 84 94 0 97 81 0 115 
14 12 137 42 98 43 57 0 85 103 0 91 97 0 102 90 0 131 
4 17 140 34 108 43 47 0 78 91 0 83 89 0 95 87 0 124 
0 21 143 34 118 44 44 5 71 87 0 76 88 0 87 91 0 117 
9 25 137 46 109 45 57 0 77 101 0 84 98 0 97 91 0 121 
2 29 137 46 118 42 57 8 70 98 0 79 96 0 95 95 0 116 
7 16 124 54 100 32 71 0 72 123 0 81 116 0 102 98 0 131 
0 24 124 51 118 33 61 2 62 104 0 69 104 0 90 104 0 121 
6 25 126 55 111 38 69 4 67 109 0 70 111 0 89 110 0 120 
0 32 127 54 119 37 64 4 64 103 0 70 104 0 88 105 0 112 
11 38 103 86 109 33 100 5 59 139 0 66 137 0 90 134 0 121 
20 27 97 84 94 31 98 0 73 137 0 79 135 0 108 133 0 138 
15 13 106 68 92 28 82 0 73 124 0 79 120 0 109 122 0 146 
26 12 104 70 81 31 86 0 83 132 0 91 122 0 117 123 0 150 
22 13 106 71 84 32 89 0 81 130 0 86 121 0 113 124 0 147 
23 12 104 70 80 29 87 0 83 129 0 91 118 0 117 121 0 150 
24 11 103 68 79 30 86 0 82 129 0 91 118 0 117 123 0 152 
25 12 105 68 82 32 86 0 83 128 0 89 118 0 117 122 0 149 
28 10 103 70 78 33 88 0 85 128 0 88 120 0 117 121 0 151 
0 21 120 53 121 23 66 1 47 108 0 51 109 0 72 110 0 115 
4 21 123 50 106 34 64 0 68 103 0 74 98 0 93 103 0 126 
5 23 124 53 107 36 68 2 64 106 0 71 101 0 88 107 0 126 
18 27 98 60 84 40 119 0 119 170 0 112 180 14 123 142 0 143 
15 33 101 59 90 36 116 0 115 173 0 106 182 7 118 140 0 139 
18 31 101 57 90 36 114 0 112 166 0 104 175 4 113 141 0 142 
18 31 101 64 90 35 118 0 110 171 0 98 179 5 113 141 0 142 
17 29 102 58 92 36 110 0 106 165 0 98 172 3 109 140 0 137 
16 29 100 64 90 35 116 0 105 168 0 97 172 4 110 144 0 135 
19 31 101 60 86 36 112 0 107 166 0 99 172 1 114 141 0 143 
15 29 103 60 94 36 112 0 103 164 0 97 170 4 105 143 0 140 
21 33 100 67 87 35 119 0 106 169 0 96 175 3 110 145 0 142 
21 29 96 63 89 35 115 0 104 168 0 92 174 3 104 145 0 137 
23 32 98 68 88 37 115 0 102 165 0 91 168 7 109 146 0 140 
23 29 97 62 86 36 112 0 103 166 0 95 169 2 110 142 0 143 
24 35 86 80 88 30 126 0 96 177 0 89 181 10 106 149 0 142 
28 40 82 81 84 35 127 0 103 176 0 97 179 7 112 151 0 142 
26 38 86 78 90 35 127 0 96 174 0 90 181 10 109 154 0 141 
24 34 85 75 87 31 125 0 94 172 0 87 174 8 104 152 0 140 
23 29 91 65 86 33 112 0 100 161 0 90 167 3 106 148 0 142 
24 30 93 66 88 34 113 0 98 166 0 91 166 2 102 147 0 140 
18 29 100 64 92 34 109 0 93 160 0 88 161 0 98 140 0 137 
20 26 105 59 88 35 107 0 101 155 0 92 150 0 99 141 0 140 
18 24 104 57 90 36 107 0 100 153 0 93 152 0 102 137 0 139 
13 26 111 59 93 37 102 0 94 148 0 87 148 0 96 137 0 136 
19 28 98 63 86 36 112 0 99 158 0 92 157 0 101 146 0 140 
21 28 107 63 92 37 105 0 96 150 0 88 149 0 96 139 0 137 
14 35 107 61 95 36 104 0 91 150 0 85 149 0 91 140 0 130 
10 39 106 63 103 37 102 0 89 145 0 80 145 0 86 139 0 124 
0 57 106 71 124 33 103 0 64 140 4 58 146 13 65 142 0 108 
8 42 105 64 105 36 105 0 79 145 0 74 148 0 81 141 0 121 
11 36 104 64 100 35 103 0 86 144 0 80 147 0 89 137 0 134 
22 23 107 57 84 41 103 0 97 144 0 94 148 0 100 139 0 146 
31 7 111 50 66 43 102 0 113 148 0 107 144 0 117 132 0 161 
30 14 109 56 71 41 101 0 108 146 0 104 145 0 113 133 0 157 
20 12 124 43 85 48 88 0 105 132 0 99 130 0 109 121 0 151 
16 15 132 35 86 51 78 0 102 123 0 98 121 0 99 111 0 148 
17 13 125 38 83 46 83 0 105 133 0 100 129 0 102 117 0 151 
21 17 110 50 79 40 99 0 101 142 0 95 140 0 102 130 0 150 
21 20 102 61 82 38 103 0 95 149 0 92 150 0 103 139 0 149 
30 19 100 63 73 38 108 0 100 154 0 96 153 0 111 142 0 152 
23 27 96 69 85 33 113 0 90 155 0 86 152 0 98 147 0 143 
17 47 93 80 98 33 116 0 75 155 0 70 160 5 82 156 0 125 
6 47 103 65 114 34 100 0 70 137 0 66 140 3 72 140 0 116 
9 33 112 58 102 37 92 0 79 138 0 78 139 0 82 133 0 130 
29 14 103 56 69 39 102 0 106 149 0 99 141 0 107 136 0 157 
22 19 105 57 79 39 99 0 98 143 0 93 144 0 100 136 0 152 
21 21 106 57 81 40 100 0 95 160 0 91 140 0 100 136 0 151 
20 22 107 58 83 41 102 0 89 136 0 89 133 0 93 137 0 144 
26 17 103 57 79 38 102 0 99 140 0 96 134 0 99 137 0 152 
19 23 105 61 88 38 100 0 87 135 0 87 132 0 94 137 0 148 
18 25 102 62 88 35 103 0 84 137 0 84 133 0 88 136 0 144 
22 24 100 61 82 35 101 0 90 138 0 92 133 0 97 135 0 150 