81 51 35 104 74 25 150 63 27 121 80 14 141 42 28 174 0 161 
68 11 62 69 61 35 105 60 34 86 80 32 115 57 32 142 0 166 
59 8 70 59 69 43 100 65 30 75 88 34 104 62 30 130 0 164 
59 9 70 64 71 39 99 67 29 76 87 30 107 64 32 131 0 164 
57 10 70 60 69 38 102 68 30 76 89 31 111 67 30 132 0 161 
57 11 69 64 70 38 99 70 30 80 89 29 107 64 28 131 0 162 
56 10 70 59 71 38 99 70 30 77 88 30 108 65 27 131 0 162 
58 12 72 60 70 40 100 67 29 76 90 30 106 63 31 131 0 160 
59 12 71 60 71 36 100 69 30 76 92 28 107 66 27 128 0 161 
57 9 70 59 71 38 99 69 31 80 87 30 109 64 28 133 0 160 
58 12 68 61 69 39 100 71 30 79 89 30 106 64 27 131 0 163 
60 8 68 64 68 37 100 67 32 77 85 29 107 63 27 130 0 162 
57 10 68 60 72 38 101 72 29 76 88 29 107 65 27 132 0 164 
57 11 67 61 73 40 102 72 30 78 90 29 108 66 27 132 0 161 
56 10 71 62 71 39 100 70 30 76 91 28 109 65 27 128 0 160 
57 8 70 62 71 37 99 70 30 77 89 31 107 66 28 128 0 162 
59 12 69 61 76 38 101 74 31 79 90 32 109 68 27 131 0 161 
56 8 70 61 72 37 98 70 30 78 88 29 109 66 28 131 0 162 
58 10 69 65 71 40 102 69 32 77 89 31 107 64 28 132 0 159 
57 11 69 62 69 41 100 71 31 76 87 30 106 65 28 131 0 162 
58 9 69 61 74 38 102 70 28 79 90 33 110 66 29 130 0 162 
56 10 68 62 71 38 101 69 28 79 89 30 107 66 29 131 0 158 
56 10 70 62 74 39 100 72 31 76 90 30 106 66 28 132 0 162 
61 11 69 60 68 40 99 70 29 80 90 30 109 64 28 134 0 163 
57 13 68 61 71 39 102 70 29 77 91 30 107 65 28 133 0 158 
58 15 68 64 74 40 106 71 30 79 94 31 111 65 27 131 0 157 
53 11 66 65 76 37 101 72 32 78 91 30 109 70 28 129 0 158 
56 13 67 61 75 38 102 72 31 79 89 29 108 65 29 132 0 160 
56 9 69 60 71 40 100 71 35 77 89 31 108 65 29 131 0 155 
56 12 68 63 73 37 102 70 30 81 92 31 110 65 27 134 0 155 
53 12 71 63 75 38 102 75 30 79 94 30 112 68 28 131 0 155 
54 12 70 62 78 38 102 74 30 79 99 29 113 72 28 136 0 152 
54 12 69 61 76 37 103 77 30 78 93 31 111 71 30 134 0 151 
53 11 68 61 79 38 100 78 29 78 96 30 109 74 32 132 0 153 
52 13 66 66 78 37 102 76 30 79 97 30 112 73 27 134 0 151 
52 14 79 64 76 38 101 79 29 81 113 32 110 84 29 134 0 148 
58 7 86 59 64 40 96 71 30 79 102 31 106 81 26 136 0 155 
56 7 81 61 68 42 100 72 30 82 101 32 108 77 26 132 0 154 
60 9 81 64 67 38 100 70 32 82 100 29 108 77 26 136 0 157 
59 8 80 62 65 39 99 68 32 82 100 29 107 77 28 132 0 157 
60 10 77 62 68 38 101 68 30 80 98 29 108 73 28 134 0 156 
62 5 82 61 59 44 98 66 35 80 99 30 106 77 25 136 0 160 
64 8 83 63 64 40 101 66 32 82 97 28 107 72 26 136 0 160 
65 8 79 65 63 39 100 66 34 82 95 29 108 69 27 136 0 160 
63 10 79 63 64 40 100 68 31 80 100 30 109 73 27 135 0 157 
62 10 83 61 63 39 100 69 31 80 96 32 105 69 27 133 0 162 
61 7 83 63 63 40 98 71 31 80 99 31 109 74 26 135 0 159 
61 7 79 63 64 39 99 65 31 81 95 29 106 72 27 134 0 158 
59 12 80 64 65 41 102 69 31 80 99 30 109 74 28 134 0 159 
62 7 79 62 63 40 102 69 34 79 97 30 105 70 26 134 0 158 
40 21 85 64 0 116 101 74 29 79 86 33 120 22 46 133 0 145 
68 89 39 107 0 88 123 132 39 88 137 39 118 129 33 165 0 159 
65 91 39 113 0 84 129 133 42 95 141 37 123 126 30 168 0 155 
63 90 39 111 0 84 127 129 41 94 138 39 122 124 37 168 0 153 
66 87 39 110 0 87 123 128 40 90 132 36 120 123 35 169 0 155 
62 89 41 109 0 84 126 126 36 92 136 41 123 128 33 169 0 153 
64 90 40 106 0 85 130 127 39 94 139 39 122 127 33 167 0 151 
63 90 40 107 0 85 127 129 38 98 142 43 125 128 34 165 0 151 
61 90 39 111 0 85 129 132 40 96 137 40 124 124 34 170 0 153 
63 90 39 108 0 86 130 130 43 95 139 42 125 127 34 169 0 153 
65 90 39 108 0 84 131 131 38 99 138 41 123 127 38 168 0 150 
64 91 39 109 0 86 128 129 38 98 137 39 124 125 34 169 0 155 
63 90 39 109 0 86 129 128 39 97 141 38 122 129 35 169 0 152 
63 90 40 108 0 86 129 131 43 97 139 37 126 126 34 169 0 153 
63 82 41 103 0 88 120 131 39 90 137 40 117 131 35 162 0 151 
59 81 41 100 0 83 118 134 40 87 140 41 120 135 38 164 0 153 
55 69 45 86 0 83 106 140 41 75 143 46 107 141 36 150 0 151 
54 70 48 85 0 82 106 139 41 77 145 45 106 145 37 148 0 144 
60 74 43 87 0 84 109 139 41 79 141 43 109 139 36 153 0 149 
60 82 46 97 0 81 116 137 41 86 142 44 117 136 35 156 0 150 
60 86 44 103 0 83 125 134 41 93 141 42 124 132 38 164 0 149 
57 87 40 105 0 80 127 139 40 97 144 40 124 133 35 165 0 148 
57 86 42 102 0 81 124 136 41 94 145 42 123 132 38 160 0 149 
61 93 42 106 0 79 129 139 42 97 145 44 129 132 37 164 0 149 
62 89 40 109 0 82 129 135 44 96 140 42 126 126 35 163 0 152 
61 89 40 109 0 82 127 135 41 95 143 41 124 130 34 167 0 149 
59 83 40 100 0 81 119 137 43 92 142 45 118 134 36 161 0 150 
62 79 41 96 0 80 120 139 39 86 142 42 120 136 35 160 0 150 
59 77 41 96 0 86 118 134 41 85 140 42 115 136 36 156 0 148 
59 80 42 95 0 80 116 136 41 86 143 43 118 138 34 160 0 152 
62 81 42 97 0 81 121 139 44 88 142 42 118 136 36 160 0 150 
62 84 41 101 0 81 121 136 43 91 144 43 122 133 38 162 0 151 
62 83 41 106 0 84 123 133 43 92 140 39 124 131 34 165 0 152 
62 84 39 103 0 80 126 135 40 96 141 37 126 130 35 161 0 149 
64 80 37 103 0 90 123 128 36 90 134 37 119 130 33 165 0 156 
69 82 39 106 0 94 123 122 34 94 128 35 115 121 32 166 0 159 
65 85 38 108 0 87 126 127 38 95 136 37 124 128 32 166 0 156 
63 84 41 106 0 84 125 133 39 94 139 40 124 127 36 164 0 152 
62 87 39 108 0 86 128 130 39 96 139 43 125 128 36 169 0 152 
56 86 42 103 0 77 124 140 42 94 145 42 125 134 36 168 0 148 
56 87 43 107 0 79 126 133 41 97 144 44 126 132 36 164 0 146 
58 82 44 98 0 81 122 137 42 92 143 43 123 137 36 165 0 147 
53 76 44 95 0 80 116 141 46 88 147 44 117 141 36 160 0 146 
55 81 42 98 0 79 122 139 44 92 145 43 119 136 37 163 0 147 
57 85 43 103 0 81 127 135 40 97 144 40 124 134 37 165 0 149 
58 88 42 107 0 84 129 134 40 102 146 41 127 128 37 166 0 147 
58 87 40 106 0 80 131 133 43 97 144 43 126 130 38 167 0 149 
58 88 40 106 0 79 130 135 41 99 143 41 129 131 38 166 0 148 
59 90 40 107 0 79 128 133 41 98 142 41 126 129 35 167 0 147 
58 91 39 107 0 80 128 132 44 97 141 40 129 128 36 164 0 147 
34 75 58 83 0 127 147 0 111 122 144 43 138 135 43 155 0 132 
38 71 57 85 0 127 144 0 108 120 142 42 136 133 41 155 0 134 
35 76 58 89 0 123 146 0 107 121 141 41 139 133 43 157 0 134 
33 71 56 85 0 122 143 0 106 116 146 45 137 135 44 155 0 130 
35 72 55 85 0 120 141 0 104 120 144 42 138 134 42 157 0 134 
39 75 55 86 0 117 140 0 103 122 139 40 138 134 40 154 0 134 
38 75 52 87 0 118 143 0 102 122 141 42 137 130 44 156 0 135 
38 76 55 87 0 114 143 0 98 122 141 42 139 134 40 155 0 131 
41 77 51 92 0 117 144 0 98 121 142 41 138 129 41 159 0 137 
39 75 51 90 0 115 143 0 95 122 138 40 136 129 39 160 0 135 
35 75 57 87 0 110 141 0 91 122 149 47 139 136 44 158 0 130 
31 76 56 83 0 102 142 0 82 126 152 46 140 140 45 158 0 127 
31 81 56 86 0 102 141 0 82 124 149 47 144 140 46 157 0 127 
36 77 54 85 0 104 141 0 85 122 148 42 139 133 43 157 0 130 
38 74 53 86 0 112 140 0 88 117 141 40 135 130 42 152 0 134 
41 70 52 86 0 114 138 0 89 114 139 40 131 132 39 157 0 139 
38 70 53 86 0 111 138 0 86 115 144 41 137 136 40 156 0 131 
39 68 54 84 0 112 139 0 90 113 144 41 132 133 40 153 0 134 
41 70 51 85 0 111 135 0 91 114 147 39 135 134 39 152 0 136 
41 71 53 88 0 109 137 0 85 113 142 41 132 133 39 152 0 136 
43 72 51 87 0 111 138 0 91 114 140 39 131 132 41 155 0 137 
41 70 51 87 0 111 140 0 87 117 140 39 131 131 41 156 0 135 
43 70 52 86 0 112 136 0 89 113 139 40 131 133 39 156 0 139 
42 76 52 88 0 111 143 0 92 118 142 40 133 131 38 158 0 137 
42 78 51 95 0 112 144 0 88 122 139 42 139 126 37 156 0 137 
46 78 48 97 0 111 146 0 89 121 139 39 137 128 39 161 0 137 
46 81 51 94 0 110 148 0 91 125 137 38 137 125 38 161 0 140 
46 81 49 94 0 107 146 0 89 123 137 39 142 127 42 160 0 136 
44 80 49 93 0 106 145 0 87 121 138 41 140 126 39 158 0 136 
44 75 49 91 0 109 145 0 89 120 138 39 136 127 39 155 0 137 
41 72 50 88 0 106 140 0 86 117 140 41 134 133 39 158 0 136 
31 70 58 81 0 122 143 0 107 122 153 46 141 138 43 153 0 134 
34 70 58 81 0 123 141 0 109 121 150 46 141 138 49 153 0 134 
37 72 55 85 0 121 144 0 108 120 154 47 141 138 48 154 0 135 
36 74 57 87 0 120 146 0 104 123 153 45 141 142 45 154 0 133 
35 70 56 86 0 114 144 0 108 122 149 45 140 141 45 153 0 134 
36 70 56 83 0 117 142 0 103 120 149 46 143 140 49 154 0 137 
38 72 58 85 0 115 147 0 106 124 147 46 140 136 45 155 0 134 
39 73 56 84 0 117 147 0 100 121 149 47 142 139 46 154 0 135 
38 71 54 86 0 116 144 0 98 120 148 46 142 134 44 157 0 135 
36 72 53 86 0 116 149 0 99 127 148 45 142 136 44 156 0 139 
39 71 55 91 0 118 150 0 100 120 145 45 140 137 46 161 0 140 
40 65 54 92 0 120 147 0 102 118 151 45 141 139 44 160 0 140 
31 71 55 77 0 106 139 0 88 121 157 47 146 140 46 154 0 132 
38 58 60 70 0 112 131 0 95 108 151 46 130 145 43 143 0 139 
41 74 54 89 0 105 145 0 101 122 145 45 144 133 43 156 0 137 
41 71 56 90 0 108 145 0 99 119 147 44 143 133 44 151 0 140 
38 65 55 78 0 103 133 0 93 113 152 45 133 141 44 146 0 136 
39 63 55 77 0 108 138 0 90 111 151 47 136 140 46 150 0 135 
41 65 56 76 0 102 136 0 94 113 150 44 135 138 41 148 0 137 
5 25 163 88 0 137 146 0 134 133 170 61 152 155 59 157 0 121 
5 25 157 86 0 136 144 0 132 135 167 61 152 153 59 155 0 122 
5 27 154 89 0 135 146 0 131 139 161 59 157 151 59 156 0 122 
8 24 156 90 0 135 146 0 130 138 168 66 153 153 61 161 0 122 
5 23 154 89 0 132 147 0 124 139 172 64 155 157 63 160 0 120 
2 18 146 90 0 130 148 0 128 145 169 64 157 147 59 162 0 119 
14 15 150 98 0 135 154 0 125 144 170 64 157 147 58 166 0 124 
8 29 157 86 0 132 142 0 120 129 173 66 146 160 60 153 0 118 
0 37 149 65 0 123 117 0 120 118 169 62 137 154 54 141 0 118 
0 39 154 73 0 123 125 0 119 119 171 66 139 160 57 148 0 114 
4 31 155 77 0 131 132 0 118 126 170 64 140 157 59 152 0 119 
8 23 139 91 0 117 144 0 115 142 172 65 153 151 54 158 0 120 
9 19 136 88 0 123 146 0 115 138 169 69 154 149 60 163 0 118 
7 24 132 88 0 119 143 0 111 139 175 70 152 152 63 161 0 113 
4 29 124 88 0 106 143 0 98 140 180 77 157 159 69 161 0 107 
6 23 138 89 0 113 140 0 106 132 171 67 152 158 61 160 0 115 
15 15 145 87 0 129 138 0 119 128 161 62 142 143 51 158 0 124 
14 16 154 86 0 132 137 0 120 129 165 58 140 148 52 160 0 124 
12 15 145 85 0 122 138 0 115 131 168 59 146 148 53 159 0 120 
13 15 144 89 0 123 143 0 108 132 170 64 147 155 53 161 0 120 
16 12 143 88 0 122 144 0 115 131 165 63 147 149 54 161 0 120 
16 12 137 93 0 122 149 0 114 137 164 60 151 144 56 163 0 121 
19 12 137 95 0 122 147 0 112 140 170 62 154 148 57 164 0 122 
13 14 137 86 0 121 140 0 116 131 169 62 145 148 54 156 0 118 
18 18 147 90 0 128 141 0 119 127 165 58 143 149 53 158 0 121 
7 21 147 78 0 121 128 0 110 119 170 58 139 155 52 151 0 119 
9 18 147 78 0 121 127 0 109 118 171 61 142 156 54 155 0 120 
10 22 146 79 0 118 128 0 108 120 173 61 145 153 53 152 0 118 
9 19 146 80 0 119 130 0 107 118 175 63 143 157 54 155 0 117 
10 18 145 78 0 123 123 0 109 118 172 62 143 157 57 154 0 121 
9 18 142 82 0 113 130 0 104 121 176 66 145 157 56 152 0 118 
15 14 134 92 0 119 143 0 106 128 169 67 151 149 58 163 0 123 
18 13 129 92 0 119 141 0 106 135 172 62 154 146 57 161 0 123 
17 12 135 94 0 118 142 0 106 132 172 64 156 148 58 165 0 122 
11 14 140 82 0 117 131 0 108 123 172 63 144 153 57 158 0 120 
17 15 148 87 0 124 138 0 108 119 174 63 143 161 54 157 0 117 
7 23 141 75 0 116 125 0 105 114 174 67 140 159 55 148 0 114 
8 26 144 75 0 120 123 0 110 110 171 65 137 155 55 151 0 117 
9 21 143 75 0 118 124 0 106 118 171 62 139 155 54 148 0 119 
9 19 142 79 0 117 127 0 109 119 172 62 140 155 54 155 0 117 
12 20 142 75 0 117 126 0 106 116 172 62 142 156 53 153 0 117 
13 18 137 88 0 112 137 0 103 129 172 63 148 151 55 157 0 117 
17 12 129 94 0 117 142 0 103 132 172 65 155 150 59 164 0 119 
21 13 139 94 0 112 140 0 100 130 177 64 151 158 55 162 0 120 
11 17 142 81 0 118 125 0 103 119 167 62 142 154 60 152 0 119 
10 18 139 81 0 112 127 0 102 124 176 68 147 162 58 154 0 117 
10 18 138 82 0 111 131 0 98 122 172 63 144 154 56 153 0 118 
12 16 135 83 0 114 131 0 95 128 174 64 147 156 59 155 0 117 
22 10 134 97 0 115 144 0 101 127 171 64 148 154 59 164 0 118 
18 14 133 87 0 112 135 0 96 124 176 64 150 158 57 162 0 116 
38 97 53 59 0 116 109 0 130 152 0 112 153 0 90 136 0 120 
43 98 53 57 0 121 111 0 130 150 0 109 148 0 89 137 0 122 
42 99 53 63 0 116 111 0 131 151 0 107 148 0 84 138 0 122 
44 106 53 64 0 111 114 0 125 154 0 104 152 5 81 141 0 122 
50 104 52 66 0 119 112 0 132 151 0 109 150 1 80 138 0 122 
50 102 51 65 0 120 117 0 133 151 0 109 149 7 80 140 0 125 
48 102 49 65 0 120 116 0 131 153 0 104 149 3 77 143 0 125 
49 103 50 65 0 120 112 0 128 150 0 104 146 2 79 141 0 123 
49 100 48 64 0 120 113 0 126 151 0 104 147 1 80 138 0 121 
52 101 49 60 0 115 109 0 126 147 0 107 140 0 84 137 0 121 
47 102 50 63 0 117 114 0 124 149 0 103 143 5 77 142 0 119 
47 107 46 63 0 116 114 0 124 146 0 102 143 2 77 139 0 126 
50 111 49 78 0 119 128 0 129 160 0 100 156 7 79 144 0 122 
51 113 52 82 0 117 130 0 126 165 0 100 165 12 83 153 0 124 
52 112 50 83 0 120 130 0 129 168 0 101 161 11 84 152 0 123 
47 108 50 73 0 114 120 0 121 155 0 101 151 5 82 147 0 121 
47 102 49 70 0 110 120 0 117 156 0 96 147 4 72 143 0 120 
49 100 52 67 0 111 114 0 120 152 0 103 142 2 74 144 0 118 
52 100 51 70 0 112 114 0 121 151 0 102 143 0 75 140 0 121 
51 108 48 70 0 111 123 0 121 156 0 100 150 4 77 143 0 121 
52 108 48 77 0 114 126 0 122 159 0 99 147 5 77 150 0 121 
52 111 49 79 0 108 123 0 120 160 0 97 152 11 75 151 0 120 
49 109 52 75 0 108 124 0 118 157 0 95 149 11 72 148 0 118 
54 109 49 75 0 110 124 0 120 159 0 99 152 5 74 148 0 121 
51 109 49 76 0 111 125 0 120 160 0 99 151 7 75 150 0 123 
48 106 52 75 0 108 122 0 117 156 0 100 149 8 72 146 0 121 
48 103 50 68 0 112 118 0 115 151 0 96 141 3 72 144 0 120 
48 101 50 68 0 112 117 0 116 147 0 98 135 2 71 144 0 118 
47 105 48 71 0 110 116 0 117 152 0 98 140 2 72 144 0 119 
49 102 52 70 0 110 117 0 117 154 0 98 140 6 72 145 0 118 
51 106 51 72 0 109 118 0 118 151 0 98 142 4 71 144 0 121 
51 104 49 68 0 111 117 0 117 148 0 98 140 2 71 143 0 120 
53 103 48 68 0 112 118 0 118 151 0 99 137 2 71 140 0 119 
47 103 49 67 0 111 116 0 117 149 0 96 141 4 71 143 0 119 
49 106 48 70 0 110 116 0 116 152 0 97 139 3 70 144 0 119 
49 106 48 72 0 109 116 0 119 151 0 97 140 4 72 146 0 121 
48 103 49 70 0 114 116 0 118 150 0 97 141 3 70 145 0 116 
49 103 50 70 0 107 118 0 116 149 0 94 142 6 70 143 0 117 
49 106 49 70 0 112 117 0 115 151 0 94 138 4 72 140 0 120 
49 103 48 68 0 111 116 0 117 148 0 96 141 4 71 144 0 119 
47 102 50 70 0 107 118 0 112 148 0 94 141 8 69 143 0 117 
49 105 49 70 0 109 119 0 116 150 0 98 138 4 69 143 0 120 
49 103 50 69 0 111 117 0 118 148 0 95 138 6 70 144 0 119 
52 102 49 67 0 110 116 0 115 149 0 95 138 4 74 144 0 117 
48 103 50 69 0 108 116 0 114 147 0 96 138 3 70 145 0 118 
48 101 50 68 0 109 119 0 117 150 0 93 140 7 68 142 0 117 
50 97 48 68 0 109 116 0 114 147 0 95 137 0 67 140 0 117 
47 96 49 66 0 107 116 0 112 143 0 95 132 2 73 141 0 115 
46 102 51 72 0 105 120 0 111 150 0 92 145 7 71 145 0 116 
52 100 51 68 0 105 112 0 116 146 0 102 134 0 77 143 0 118 
0 34 157 81 0 139 137 0 145 180 0 113 171 4 104 151 0 111 
10 18 149 91 0 140 148 0 145 179 0 112 174 11 103 159 0 117 
11 14 146 94 0 135 153 0 143 184 0 105 179 14 101 160 0 116 
15 13 147 100 0 137 151 0 145 188 0 106 177 8 100 160 0 117 
0 34 150 72 0 125 121 0 126 160 0 100 144 0 81 141 0 109 
0 33 146 69 0 120 117 0 126 156 0 99 139 0 80 144 0 108 
3 32 150 71 0 125 119 0 129 158 0 107 139 0 89 141 0 109 
0 31 155 66 0 127 120 0 129 159 0 105 133 0 83 143 0 110 
0 30 152 70 0 126 119 0 128 158 0 105 135 0 84 144 0 108 
5 27 154 76 0 124 122 0 128 161 0 102 138 0 84 148 0 110 
9 22 142 86 0 124 129 0 129 166 0 103 147 0 84 153 0 112 
15 21 139 91 0 127 139 0 127 172 0 95 157 0 81 157 0 113 
13 15 138 85 0 122 134 0 122 165 0 95 151 4 82 154 0 112 
11 16 144 86 0 123 137 0 123 166 0 98 150 1 79 157 0 113 
13 18 141 84 0 127 132 0 129 169 0 98 147 1 81 152 0 115 
13 15 143 86 0 128 133 0 125 165 0 97 148 1 81 155 0 117 
12 16 140 83 0 125 134 0 124 165 0 100 148 1 84 156 0 115 
15 13 139 88 0 125 134 0 125 167 0 98 150 3 81 160 0 115 
15 15 142 92 0 131 137 0 129 168 0 101 151 4 81 157 0 119 
14 17 137 87 0 125 135 0 127 168 0 95 148 4 83 156 0 114 
10 15 139 78 0 121 127 0 126 161 0 100 143 1 84 153 0 114 
9 18 143 80 0 123 132 0 123 164 0 96 146 0 80 151 0 110 
9 17 142 80 0 119 128 0 123 159 0 96 143 1 78 152 0 115 
16 18 138 85 0 123 133 0 123 164 0 94 145 4 79 156 0 116 
16 13 139 87 0 125 132 0 123 165 0 95 149 3 80 157 0 111 
14 14 137 87 0 125 137 0 123 164 0 90 149 4 76 157 0 114 
13 15 140 87 0 124 130 0 126 167 0 100 147 0 81 153 0 113 
14 16 144 84 0 123 129 0 124 166 0 98 141 0 80 153 0 115 
7 20 131 78 0 120 122 0 125 162 0 101 139 0 86 150 0 113 
9 22 143 81 0 122 127 0 122 158 0 98 140 0 79 148 0 113 
7 20 146 77 0 120 124 0 123 158 0 101 139 0 76 148 0 113 
8 20 140 77 0 120 125 0 125 159 0 98 143 0 79 146 0 111 
9 19 139 77 0 118 124 0 124 160 0 98 140 0 82 150 0 112 
14 18 140 84 0 118 126 0 122 162 0 99 140 2 79 153 0 114 
17 17 136 82 0 120 126 0 123 165 0 97 144 0 80 153 0 114 
17 18 133 83 0 119 132 0 118 160 0 93 146 7 76 155 0 113 
12 15 130 85 0 116 133 0 120 161 0 90 147 6 76 157 0 113 
14 15 134 87 0 118 130 0 117 160 0 95 146 7 74 154 0 113 
14 15 135 88 0 118 133 0 118 160 0 91 146 5 73 154 0 112 
13 19 125 79 0 118 124 0 121 160 0 99 142 0 82 150 0 112 
8 20 143 77 0 116 125 0 119 155 0 97 137 0 78 147 0 110 
4 22 141 76 0 118 121 0 118 155 0 99 136 0 75 147 0 112 
4 28 145 70 0 115 118 0 118 152 0 98 134 0 74 146 0 114 
6 26 146 75 0 119 118 0 118 152 0 97 135 0 75 145 0 110 
5 29 144 72 0 117 118 0 120 152 0 100 135 0 77 147 0 113 
6 24 141 76 0 115 120 0 117 154 0 97 146 0 73 148 0 114 
7 23 138 78 0 112 123 0 115 155 0 89 141 0 72 150 0 110 
10 19 139 82 0 113 130 0 114 158 0 88 145 5 70 154 0 113 
8 22 135 83 0 114 128 0 114 157 0 90 145 8 71 153 0 112 
11 19 133 85 0 112 131 0 113 157 0 86 146 7 69 153 0 110 
16 73 78 71 0 120 130 0 145 167 0 80 152 144 50 142 0 118 
14 68 81 67 0 118 123 0 138 155 0 76 143 151 53 143 0 115 
19 75 77 74 0 119 131 0 139 159 0 75 150 145 56 148 0 118 
18 85 75 80 0 115 136 0 135 164 2 74 152 146 55 152 0 116 
16 84 74 78 0 116 139 0 135 163 3 74 154 147 57 152 0 114 
18 91 74 86 0 113 139 0 133 168 8 73 158 146 56 156 0 115 
16 83 73 84 0 108 139 0 129 165 5 69 154 146 55 152 0 115 
16 81 73 87 0 106 137 0 125 162 1 70 151 144 53 149 0 116 
19 68 80 69 0 116 121 0 134 147 0 73 136 155 53 140 0 116 
16 70 78 66 0 112 125 0 128 147 0 71 136 160 51 139 0 112 
20 70 79 71 0 114 124 0 133 150 0 74 137 156 52 140 0 114 
17 69 75 69 0 110 125 0 129 150 0 72 137 154 51 143 0 116 
17 75 75 73 0 112 128 0 128 154 0 71 139 156 49 147 0 113 
16 75 76 78 0 110 129 0 128 154 1 70 142 156 52 144 0 113 
22 73 72 76 0 114 125 0 133 156 0 80 139 148 52 144 0 116 
21 70 72 76 0 117 130 0 133 156 0 76 138 149 51 147 0 118 
19 76 71 74 0 112 129 0 130 154 0 75 140 152 49 146 0 115 
24 74 69 81 0 117 134 0 137 160 0 74 141 146 50 150 0 119 
20 71 73 68 0 113 120 0 131 145 0 76 132 153 51 138 0 116 
23 74 71 75 0 111 129 0 131 154 0 75 137 153 49 142 0 118 
20 77 72 73 0 109 126 0 129 151 0 75 132 153 50 144 0 118 
23 76 72 80 0 113 135 0 130 155 0 70 140 153 51 150 0 120 
25 80 67 81 0 113 138 0 133 157 4 73 139 143 47 148 0 123 
22 78 67 81 0 111 134 0 127 156 1 69 140 148 48 152 0 117 
27 81 64 85 0 110 139 0 130 160 2 73 139 146 47 153 0 120 
25 80 66 82 0 112 135 0 132 161 2 74 139 145 47 153 0 120 
26 78 67 84 0 106 136 0 128 156 0 73 140 148 48 152 0 119 
24 79 67 80 0 107 130 0 129 155 0 75 138 148 47 150 0 118 
24 77 68 77 0 111 131 0 130 153 0 74 134 147 48 148 0 120 
22 75 69 77 0 109 128 0 124 151 0 71 136 151 48 147 0 119 
25 79 72 77 0 110 133 0 126 151 0 72 135 150 50 148 0 118 
18 81 73 77 0 103 130 0 125 153 2 69 141 151 50 148 0 116 
20 73 73 77 0 109 125 0 127 147 0 69 137 157 47 147 0 119 
25 77 66 82 0 113 134 0 130 158 1 70 138 146 49 152 0 118 
23 82 66 76 0 105 129 0 126 153 0 74 137 144 46 147 0 116 
29 82 62 88 0 112 142 0 136 164 0 75 141 139 44 159 0 124 
30 81 62 86 0 117 136 0 137 159 0 78 138 137 43 156 0 126 
24 77 66 79 0 108 131 0 130 154 0 72 136 146 50 152 0 121 
24 74 65 82 0 113 138 0 131 157 0 72 136 147 49 151 0 125 
23 75 67 82 0 111 129 0 127 155 0 75 135 148 45 151 0 121 
25 77 65 84 0 109 135 0 129 160 0 71 136 146 48 156 0 121 
27 82 65 86 0 110 134 0 130 157 0 74 137 144 50 157 0 120 
22 79 67 82 0 104 133 0 123 152 4 69 139 147 48 150 0 117 
26 76 66 81 0 112 132 0 127 152 0 74 135 149 44 151 0 124 
25 77 68 71 0 104 122 0 126 148 0 73 131 153 48 143 0 120 
25 76 67 80 0 105 134 0 125 155 0 70 135 148 47 151 0 122 
24 71 69 78 0 108 127 0 127 148 0 69 131 152 49 148 0 118 
23 70 69 75 0 109 125 0 127 148 0 73 131 149 47 143 0 121 
27 75 69 77 0 109 129 0 125 150 0 71 134 147 45 147 0 122 
24 74 69 78 0 106 131 0 126 149 0 70 135 149 47 149 0 122 
12 36 100 71 0 132 127 0 128 112 123 34 158 22 60 146 0 129 
18 38 94 72 0 135 124 0 129 114 120 33 153 14 69 145 0 128 
15 38 94 72 0 133 125 0 126 112 125 33 148 17 65 146 0 130 
18 39 93 72 0 131 125 0 125 112 121 31 145 17 65 146 0 131 
21 42 93 78 0 128 131 0 125 114 122 34 146 22 62 149 0 131 
19 40 92 70 0 128 126 0 127 114 117 34 144 18 65 142 0 130 
19 48 82 83 0 125 138 0 123 124 122 35 150 25 61 153 0 130 
22 58 78 86 0 126 140 0 127 132 120 34 156 26 64 154 0 129 
22 58 77 94 0 123 147 0 126 135 121 34 161 30 64 162 0 132 
22 68 70 103 0 117 158 0 125 149 122 37 171 36 66 168 0 125 
24 62 73 100 0 122 151 0 118 139 120 37 156 33 59 165 0 127 
22 47 79 83 0 123 136 0 125 119 117 32 145 17 60 154 0 132 
17 31 94 65 0 127 113 0 117 97 118 33 118 11 57 136 0 127 
23 23 97 54 0 127 103 0 126 81 110 32 108 4 65 129 0 135 
19 27 100 59 0 123 108 0 119 88 118 34 110 8 56 135 0 126 
20 25 97 58 0 122 109 0 122 88 116 33 110 7 57 133 0 132 
23 33 91 67 0 124 119 0 121 98 116 33 116 6 60 137 0 133 
22 42 80 77 0 125 128 0 121 110 118 32 131 12 61 145 0 134 
25 54 74 88 0 118 138 0 119 118 117 31 140 18 57 152 0 130 
29 65 68 97 0 114 147 0 117 136 119 33 150 20 59 160 0 132 
26 65 66 99 0 113 151 0 120 133 119 34 152 26 61 160 0 131 
27 65 69 99 0 114 149 0 118 132 118 34 151 24 61 162 0 132 
26 62 69 100 0 113 148 0 120 131 115 31 144 20 61 158 0 130 
24 57 73 88 0 112 138 0 120 120 119 32 136 18 56 152 0 129 
28 40 79 79 0 125 125 0 123 106 111 32 125 11 59 149 0 134 
24 42 79 79 0 113 127 0 115 111 116 32 123 12 57 143 0 130 
24 34 85 71 0 117 119 0 117 101 117 31 120 13 57 143 0 132 
22 33 88 70 0 119 116 0 116 94 119 33 115 10 55 139 0 132 
27 29 88 63 0 121 114 0 119 94 115 30 110 8 59 137 0 134 
25 31 87 62 0 120 112 0 122 95 114 30 114 5 60 138 0 132 
25 32 87 70 0 120 119 0 118 99 116 31 115 8 55 141 0 132 
25 40 84 74 0 116 121 0 119 106 113 33 119 13 55 141 0 133 
25 38 82 74 0 117 125 0 120 107 118 34 121 14 54 147 0 132 
28 47 77 86 0 115 134 0 119 126 115 32 132 15 58 154 0 131 
28 52 70 91 0 112 138 0 119 128 116 34 137 16 59 155 0 133 
28 52 73 90 0 113 139 0 119 126 114 33 136 18 57 156 0 130 
25 53 72 88 0 113 141 0 118 126 118 35 135 20 54 156 0 131 
27 52 74 93 0 112 138 0 120 130 117 32 136 17 58 157 0 133 
26 51 73 91 0 113 141 0 120 127 116 33 136 18 56 157 0 130 
29 52 73 89 0 111 141 0 116 128 116 33 134 20 55 156 0 131 
26 55 74 90 0 111 140 0 115 127 120 34 133 18 56 156 0 131 
24 53 73 86 0 108 135 0 116 127 118 33 129 20 54 154 0 130 
25 51 79 84 0 112 131 0 116 122 117 32 129 16 55 149 0 130 
26 44 75 81 0 117 134 0 116 117 115 31 125 12 57 152 0 130 
28 42 76 82 0 117 133 0 117 116 114 30 128 15 52 150 0 134 
28 43 78 74 0 116 129 0 116 104 117 30 118 13 55 147 0 131 
27 43 80 79 0 112 126 0 113 109 117 31 120 16 53 147 0 129 
22 49 82 76 0 107 126 0 112 109 124 32 120 18 50 147 0 126 
21 45 80 78 0 106 127 0 108 112 124 35 120 19 51 149 0 122 
23 42 80 77 0 111 127 0 111 112 117 31 121 20 51 146 0 128 
25 24 98 71 0 121 109 94 30 135 22 49 181 26 95 147 0 141 
24 29 97 74 0 118 112 97 29 137 21 49 183 20 95 145 0 139 
24 29 95 80 0 119 114 97 28 135 30 45 176 23 86 149 0 140 
23 29 91 80 0 114 113 102 28 137 29 48 177 23 88 149 0 139 
26 26 91 80 0 117 113 94 33 143 20 50 183 23 97 149 0 138 
29 29 89 84 0 120 116 91 30 144 23 48 187 30 99 150 0 144 
28 33 82 94 0 119 128 95 29 155 29 47 190 37 94 157 0 143 
30 33 85 90 0 119 123 92 30 141 20 55 186 34 101 155 0 147 
27 35 82 94 0 115 123 95 29 144 20 51 188 28 99 155 0 145 
24 25 99 74 0 114 107 100 28 129 16 50 175 17 95 147 0 139 
21 29 97 82 0 111 116 104 29 128 24 43 172 20 87 152 0 136 
18 31 96 76 0 105 112 107 30 127 23 46 172 16 87 147 0 133 
19 33 96 80 0 107 111 104 31 128 26 43 172 20 87 146 0 133 
24 33 91 83 0 106 112 98 28 134 23 47 180 20 98 148 0 138 
20 33 93 82 0 104 117 103 29 135 28 42 179 22 89 150 0 137 
23 34 88 79 0 104 111 100 31 137 31 46 179 24 95 152 0 140 
25 35 86 87 0 104 122 99 35 140 34 41 180 28 94 156 0 137 
26 33 87 90 0 107 122 99 31 139 30 47 184 27 96 152 0 138 
28 39 77 96 0 103 130 98 31 150 34 44 188 32 96 156 0 137 
29 41 80 96 0 105 131 95 32 146 35 45 189 31 97 159 0 138 
26 40 79 95 0 104 130 98 34 145 35 44 184 29 92 159 0 140 
27 41 80 96 0 103 131 99 35 145 37 43 183 32 90 160 0 138 
24 40 80 93 0 100 125 101 31 141 36 44 178 23 96 152 0 135 
25 41 81 99 0 102 126 101 32 143 39 39 183 30 87 158 0 136 
24 35 86 89 0 102 121 98 32 134 31 43 179 23 88 154 0 138 
21 39 85 89 0 97 119 103 31 131 33 41 171 24 84 151 0 134 
24 39 86 97 0 99 125 99 31 135 34 42 175 24 83 153 0 137 
26 42 80 89 0 99 123 99 31 139 36 45 172 20 88 158 0 137 
24 40 81 92 0 104 127 99 30 141 35 45 171 19 87 156 0 137 
28 38 80 96 0 104 128 93 32 141 32 44 175 20 87 162 0 137 
27 36 80 98 0 103 125 99 31 141 36 44 173 17 87 158 0 137 
26 33 81 94 0 108 124 96 31 136 29 45 170 17 88 157 0 140 
27 34 81 93 0 105 122 94 32 139 33 45 176 16 92 159 0 142 
27 33 81 98 0 104 128 96 31 141 36 41 174 22 83 166 0 140 
32 33 82 94 0 109 123 90 33 139 30 47 173 15 89 159 0 144 
30 35 78 96 0 108 128 91 31 141 28 47 174 18 92 161 0 144 
31 35 80 97 0 107 126 90 31 142 28 47 175 20 88 161 0 140 
31 35 78 103 0 98 130 93 31 135 31 45 175 17 91 160 0 143 
27 34 82 94 0 100 123 94 30 131 32 44 172 19 82 155 0 141 
26 35 82 91 0 101 120 96 29 127 27 43 168 15 85 153 0 140 
28 33 88 87 0 99 117 95 31 123 27 42 157 12 85 149 0 139 
25 35 85 88 0 96 119 97 29 122 25 41 161 10 79 152 0 141 
25 34 86 87 0 99 118 96 29 121 28 42 161 13 83 152 0 139 
25 32 90 89 0 99 119 99 31 123 28 44 164 10 78 151 0 137 
25 31 91 88 0 99 115 98 33 122 28 41 160 12 77 156 0 140 
31 31 82 100 0 100 122 92 29 130 32 40 167 17 78 161 0 143 
34 32 81 95 0 101 122 90 30 128 27 44 165 12 85 156 0 144 
29 34 82 94 0 101 122 90 30 128 27 47 168 15 83 155 0 141 
29 36 79 96 0 100 122 93 31 132 25 44 170 14 90 158 0 140 
30 37 80 95 0 101 122 91 33 130 27 45 167 13 85 156 0 139 
18 27 98 60 84 40 119 0 119 170 0 112 180 14 123 142 0 143 
15 33 101 59 90 36 116 0 115 173 0 106 182 7 118 140 0 139 
18 31 101 57 90 36 114 0 112 166 0 104 175 4 113 141 0 142 
18 31 101 64 90 35 118 0 110 171 0 98 179 5 113 141 0 142 
17 29 102 58 92 36 110 0 106 165 0 98 172 3 109 140 0 137 
16 29 100 64 90 35 116 0 105 168 0 97 172 4 110 144 0 135 
19 31 101 60 86 36 112 0 107 166 0 99 172 1 114 141 0 143 
15 29 103 60 94 36 112 0 103 164 0 97 170 4 105 143 0 140 
21 33 100 67 87 35 119 0 106 169 0 96 175 3 110 145 0 142 
21 29 96 63 89 35 115 0 104 168 0 92 174 3 104 145 0 137 
23 32 98 68 88 37 115 0 102 165 0 91 168 7 109 146 0 140 
23 29 97 62 86 36 112 0 103 166 0 95 169 2 110 142 0 143 
24 35 86 80 88 30 126 0 96 177 0 89 181 10 106 149 0 142 
28 40 82 81 84 35 127 0 103 176 0 97 179 7 112 151 0 142 
26 38 86 78 90 35 127 0 96 174 0 90 181 10 109 154 0 141 
24 34 85 75 87 31 125 0 94 172 0 87 174 8 104 152 0 140 
23 29 91 65 86 33 112 0 100 161 0 90 167 3 106 148 0 142 
24 30 93 66 88 34 113 0 98 166 0 91 166 2 102 147 0 140 
18 29 100 64 92 34 109 0 93 160 0 88 161 0 98 140 0 137 
20 26 105 59 88 35 107 0 101 155 0 92 150 0 99 141 0 140 
18 24 104 57 90 36 107 0 100 153 0 93 152 0 102 137 0 139 
13 26 111 59 93 37 102 0 94 148 0 87 148 0 96 137 0 136 
19 28 98 63 86 36 112 0 99 158 0 92 157 0 101 146 0 140 
21 28 107 63 92 37 105 0 96 150 0 88 149 0 96 139 0 137 
14 35 107 61 95 36 104 0 91 150 0 85 149 0 91 140 0 130 
10 39 106 63 103 37 102 0 89 145 0 80 145 0 86 139 0 124 
0 57 106 71 124 33 103 0 64 140 4 58 146 13 65 142 0 108 
8 42 105 64 105 36 105 0 79 145 0 74 148 0 81 141 0 121 
11 36 104 64 100 35 103 0 86 144 0 80 147 0 89 137 0 134 
22 23 107 57 84 41 103 0 97 144 0 94 148 0 100 139 0 146 
31 7 111 50 66 43 102 0 113 148 0 107 144 0 117 132 0 161 
30 14 109 56 71 41 101 0 108 146 0 104 145 0 113 133 0 157 
20 12 124 43 85 48 88 0 105 132 0 99 130 0 109 121 0 151 
16 15 132 35 86 51 78 0 102 123 0 98 121 0 99 111 0 148 
17 13 125 38 83 46 83 0 105 133 0 100 129 0 102 117 0 151 
21 17 110 50 79 40 99 0 101 142 0 95 140 0 102 130 0 150 
21 20 102 61 82 38 103 0 95 149 0 92 150 0 103 139 0 149 
30 19 100 63 73 38 108 0 100 154 0 96 153 0 111 142 0 152 
23 27 96 69 85 33 113 0 90 155 0 86 152 0 98 147 0 143 
17 47 93 80 98 33 116 0 75 155 0 70 160 5 82 156 0 125 
6 47 103 65 114 34 100 0 70 137 0 66 140 3 72 140 0 116 
9 33 112 58 102 37 92 0 79 138 0 78 139 0 82 133 0 130 
29 14 103 56 69 39 102 0 106 149 0 99 141 0 107 136 0 157 
22 19 105 57 79 39 99 0 98 143 0 93 144 0 100 136 0 152 
21 21 106 57 81 40 100 0 95 160 0 91 140 0 100 136 0 151 
20 22 107 58 83 41 102 0 89 136 0 89 133 0 93 137 0 144 
26 17 103 57 79 38 102 0 99 140 0 96 134 0 99 137 0 152 
19 23 105 61 88 38 100 0 87 135 0 87 132 0 94 137 0 148 
18 25 102 62 88 35 103 0 84 137 0 84 133 0 88 136 0 144 
22 24 100 61 82 35 101 0 90 138 0 92 133 0 97 135 0 150 