73 0 90 66 6 65 85 7 58 48 67 41 63 67 27 113 0 161 
58 7 77 92 28 43 120 31 41 73 108 34 90 104 23 134 0 152 
70 12 67 92 23 46 108 28 41 57 99 36 86 99 23 131 0 156 
50 12 78 77 37 40 102 27 41 59 89 36 81 85 24 129 0 148 
69 7 71 89 19 50 111 11 51 63 80 34 86 73 23 134 0 160 
56 16 69 93 31 41 109 28 41 57 98 35 87 93 22 134 0 148 
54 21 65 94 33 40 116 26 42 70 100 32 95 93 21 141 0 144 
57 19 66 81 28 44 100 22 43 51 98 38 91 76 23 138 0 147 
52 14 71 96 33 38 115 25 41 68 94 32 91 82 21 140 0 145 
48 24 67 100 39 37 117 34 39 77 97 32 108 78 25 146 0 138 
54 27 64 102 29 42 118 8 55 94 50 32 120 28 41 151 0 144 
30 32 75 102 54 32 120 44 34 84 98 33 116 76 27 150 0 125 
39 24 72 107 45 34 120 15 48 99 43 31 123 37 38 153 0 136 
46 19 72 120 39 40 144 40 41 83 118 34 106 105 24 155 0 142 
52 25 64 113 36 39 136 32 44 86 95 30 112 79 25 151 0 144 
54 19 73 118 28 47 133 29 47 86 98 34 101 97 26 155 0 147 
52 17 72 106 25 45 122 28 45 76 87 33 105 69 27 150 0 148 
38 28 69 115 49 34 131 49 33 81 110 27 117 81 20 151 0 131 
44 16 74 106 39 37 118 38 38 67 104 35 98 95 24 145 0 140 
50 20 70 104 30 42 116 30 41 71 81 31 101 59 25 148 0 139 
43 23 65 109 37 39 123 34 39 75 91 29 114 55 30 156 0 143 
48 23 68 103 39 38 124 31 40 72 86 31 108 59 27 153 0 143 
33 28 76 105 52 33 124 49 35 72 114 36 108 70 25 148 0 128 
43 14 84 93 36 40 114 26 43 63 90 35 91 73 24 139 0 136 
48 21 69 103 29 42 121 19 48 70 72 33 91 49 30 147 0 142 
39 26 69 107 38 37 125 34 39 74 98 30 106 79 23 153 0 133 
45 31 63 116 39 39 133 42 37 81 104 32 109 74 23 158 0 136 
39 26 67 120 39 39 139 43 39 92 112 29 115 91 22 161 0 137 
43 29 66 115 38 39 138 33 44 97 93 28 119 73 28 159 0 136 
42 10 82 92 37 37 117 23 44 71 86 30 91 56 25 140 0 135 
49 22 69 106 31 41 124 33 39 73 100 32 104 71 24 154 0 139 
50 32 59 106 29 44 125 26 44 78 84 29 104 49 30 152 0 141 
46 29 66 114 32 42 132 33 42 80 95 30 107 65 27 157 0 139 
45 28 64 119 33 43 136 32 43 81 97 31 102 74 22 158 0 139 
48 24 66 116 27 44 137 16 51 88 72 30 102 45 30 155 0 145 
40 29 68 112 37 39 131 34 40 79 92 29 103 68 24 159 0 136 
37 32 72 112 40 39 134 33 45 80 102 34 103 78 25 155 0 130 
57 22 65 120 22 48 139 17 53 80 76 29 100 60 28 161 0 155 
34 32 70 120 44 35 137 41 37 71 114 33 100 92 21 159 0 132 
43 20 71 106 37 37 128 33 40 82 89 28 109 50 29 158 0 134 
30 15 60 110 26 25 132 19 29 68 83 14 97 50 12 157 0 137 
51 16 69 103 25 44 123 25 43 72 78 30 92 37 31 145 0 153 
53 9 78 91 26 42 110 24 40 62 78 36 81 54 28 146 0 150 
59 8 79 99 19 49 121 12 53 72 55 32 81 39 32 140 0 158 
57 12 72 104 18 48 124 17 49 76 67 33 93 44 31 147 0 156 
52 14 72 102 23 46 112 29 41 59 95 36 89 73 24 149 0 149 
52 13 78 105 20 47 129 11 56 79 61 33 85 43 32 148 0 151 
34 33 71 117 46 35 136 45 37 77 114 33 94 98 22 156 0 127 
37 27 65 114 43 33 141 47 36 81 114 31 96 97 20 154 0 135 
42 26 66 115 41 38 135 45 38 76 118 34 102 96 20 157 0 139 
38 9 88 93 0 120 131 51 33 76 186 85 83 157 41 137 0 140 
37 21 78 102 0 121 131 67 29 80 189 94 88 167 48 143 0 133 
47 12 82 93 0 138 124 53 35 70 178 86 76 151 43 138 0 143 
48 15 72 100 0 125 128 60 31 71 186 85 81 157 39 140 0 144 
50 9 83 87 0 127 116 57 32 66 179 92 72 157 47 135 0 141 
46 18 75 102 0 120 131 61 33 76 183 85 84 157 40 145 0 140 
42 21 74 104 0 98 132 67 31 78 185 86 86 159 43 145 0 136 
41 20 73 101 0 94 131 68 30 79 189 88 85 162 44 144 0 135 
42 8 88 93 0 138 134 53 36 79 184 86 77 152 40 140 0 138 
42 13 82 97 0 111 132 56 33 78 183 85 81 152 41 142 0 139 
39 12 84 92 0 99 130 62 32 80 188 90 81 156 41 141 0 133 
37 13 84 99 0 100 127 66 30 77 190 94 83 160 43 141 0 133 
38 15 81 98 0 93 129 66 30 79 192 93 83 159 42 142 0 132 
26 19 92 107 0 128 146 68 36 96 191 92 93 162 47 148 0 125 
28 22 86 96 0 106 144 70 33 95 193 92 92 162 44 146 0 125 
29 21 87 105 0 102 142 74 32 94 195 96 93 166 51 148 0 124 
27 20 89 104 0 88 137 75 32 89 192 98 91 168 50 144 0 121 
25 22 88 93 0 84 135 78 29 87 196 98 88 170 49 144 0 119 
23 15 97 90 0 118 129 70 30 84 191 98 84 162 45 141 0 123 
28 14 95 115 0 119 134 66 31 82 190 93 84 159 42 143 0 124 
23 17 97 97 0 119 137 72 31 87 195 95 87 159 44 143 0 120 
21 17 103 99 0 128 136 71 33 91 197 98 85 161 45 141 0 121 
18 20 103 90 0 114 134 77 31 90 195 101 83 163 47 140 0 118 
17 21 104 82 0 101 132 82 29 87 195 103 82 166 48 141 0 117 
20 17 102 96 0 107 135 78 31 88 194 102 81 163 48 139 0 117 
17 19 101 99 0 101 137 81 31 91 197 101 83 165 46 140 0 118 
18 20 99 101 0 104 134 76 30 85 194 99 80 159 40 142 0 121 
20 22 91 94 0 93 137 72 29 87 190 90 84 149 38 142 0 123 
24 16 99 110 0 111 135 68 32 82 190 95 78 151 41 141 0 122 
37 14 89 95 0 120 130 57 36 76 180 84 74 139 37 138 0 132 
25 15 87 99 0 125 131 54 29 83 192 85 82 136 28 147 0 130 
48 5 83 101 0 117 130 41 37 67 174 70 76 124 24 143 0 147 
68 0 90 92 0 126 118 29 42 54 156 68 66 110 26 137 0 156 
33 28 78 106 0 153 142 27 46 88 171 64 90 106 21 150 0 139 
21 28 89 110 0 130 138 47 37 72 118 36 93 89 21 152 0 128 
19 23 90 101 0 117 136 49 36 75 124 38 90 100 23 146 0 127 
25 13 98 94 0 107 125 48 32 65 122 40 82 103 21 140 0 128 
36 8 100 84 0 121 118 40 39 60 108 42 80 96 25 134 0 141 
28 15 94 99 0 124 131 45 35 71 122 38 88 104 22 144 0 132 
12 22 104 98 0 98 130 66 29 70 140 45 89 125 25 145 0 113 
18 17 104 86 0 104 125 57 30 66 135 44 83 119 26 138 0 120 
27 23 86 105 0 114 138 50 35 80 129 41 95 110 24 150 0 128 
33 21 79 104 0 107 134 53 34 76 154 55 93 115 25 149 0 133 
37 22 77 113 0 108 140 50 39 81 149 51 97 115 26 153 0 133 
23 21 92 109 0 112 136 46 37 76 149 48 96 123 23 153 0 125 
46 32 65 116 0 117 147 65 38 110 195 96 115 184 68 153 0 146 
38 17 78 117 0 113 132 69 29 96 199 106 106 194 75 147 0 139 
46 7 79 97 0 134 128 54 31 86 195 101 94 190 70 145 0 141 
51 10 80 99 0 131 129 53 35 85 193 103 92 190 71 142 0 145 
43 13 78 108 0 126 135 60 33 92 198 103 100 191 68 145 0 140 
21 45 71 79 0 123 138 0 119 101 138 40 117 74 26 148 0 112 
16 46 73 72 0 122 130 0 119 100 143 41 112 82 23 143 0 107 
22 44 71 84 0 118 138 0 110 97 142 38 112 75 22 148 0 115 
19 43 73 76 0 109 132 0 98 93 143 41 109 72 22 146 0 108 
25 31 83 77 0 149 126 0 122 89 136 41 102 67 26 139 0 113 
22 42 79 66 0 129 125 0 136 96 133 43 106 75 26 141 0 110 
17 55 69 82 0 102 138 0 108 101 149 42 120 81 22 150 0 101 
27 46 65 66 0 110 117 0 114 81 136 43 105 66 26 140 0 113 
18 30 76 60 0 119 108 0 109 73 151 47 91 82 23 130 0 106 
44 33 64 80 0 136 135 0 125 92 154 51 90 96 24 146 0 128 
42 19 70 64 0 119 122 0 104 73 161 57 76 86 23 135 0 131 
42 37 60 71 0 120 131 0 117 88 163 58 94 84 24 144 0 126 
43 32 63 83 0 121 134 0 116 87 156 53 96 78 24 145 0 129 
46 29 64 82 0 135 138 0 123 88 148 47 97 61 25 147 0 132 
52 50 52 92 0 139 148 0 134 109 146 47 113 53 30 156 0 136 
46 34 57 78 0 121 131 0 114 88 155 50 102 61 27 145 0 130 
50 29 62 75 0 125 129 0 114 83 151 48 96 60 25 145 0 133 
45 27 66 85 0 122 130 0 114 86 155 51 98 64 24 143 0 128 
31 37 65 66 0 113 147 0 105 103 169 58 102 85 21 147 0 116 
37 37 67 76 0 114 124 0 106 92 160 58 100 76 25 144 0 119 
36 31 68 78 0 118 133 0 114 86 137 38 104 61 27 144 0 126 
21 33 69 92 0 107 153 0 104 103 157 40 112 94 12 153 0 116 
30 32 69 83 0 100 133 0 100 93 144 42 113 66 27 149 0 116 
35 35 72 72 0 127 134 0 125 93 137 45 108 71 29 150 0 118 
37 24 70 79 0 150 137 0 139 88 130 35 101 65 25 144 0 127 
13 35 83 58 0 94 100 0 91 78 171 61 101 100 21 136 0 99 
15 60 76 103 0 96 163 0 92 119 160 55 135 95 28 165 0 101 
17 30 86 53 0 111 126 0 97 78 166 58 95 100 20 133 0 98 
32 27 75 67 0 142 132 0 133 90 147 41 94 87 21 144 0 121 
44 22 68 79 0 132 132 0 125 83 143 42 92 78 22 146 0 132 
32 42 67 97 0 135 151 0 120 100 148 46 107 86 24 154 0 121 
29 29 79 78 0 111 129 0 110 82 160 55 97 98 21 144 0 117 
22 40 72 99 0 139 154 0 123 105 151 42 110 90 20 153 0 117 
19 29 78 74 0 112 131 0 105 90 161 49 98 97 17 142 0 114 
32 28 76 77 0 117 111 0 104 82 155 52 91 91 22 143 0 122 
30 30 75 85 0 113 115 0 104 82 152 50 95 87 22 143 0 120 
27 30 76 84 0 122 136 0 109 91 154 48 97 89 21 147 0 118 
22 28 78 73 0 133 139 0 114 99 160 47 96 96 19 143 0 113 
25 32 79 56 0 121 116 0 123 90 159 57 90 92 26 135 0 117 
21 37 78 77 0 122 134 0 116 90 160 54 101 95 21 141 0 109 
21 38 72 88 0 104 144 0 102 95 170 49 109 101 17 149 0 111 
26 48 70 86 0 114 141 0 112 96 154 48 111 89 26 153 0 112 
30 31 76 73 0 118 126 0 112 79 151 52 98 85 23 140 0 114 
37 38 68 77 0 121 127 0 117 82 144 47 102 75 26 145 0 123 
25 33 78 55 0 102 120 0 105 80 160 59 93 94 23 136 0 110 
28 30 80 48 0 123 127 0 118 83 154 54 87 97 25 135 0 114 
17 35 89 56 0 133 139 0 114 97 161 56 99 111 27 139 0 104 
18 38 83 86 0 124 144 0 107 103 162 56 107 102 25 145 0 106 
6 51 83 89 0 115 149 0 117 108 142 42 109 116 24 153 0 96 
6 39 97 69 0 111 128 0 111 95 157 53 98 109 28 140 0 100 
20 9 119 91 0 169 144 0 129 111 177 72 115 143 37 144 0 136 
15 12 170 92 0 154 146 0 114 109 184 75 128 143 36 151 0 114 
1 19 152 74 0 157 126 0 127 102 169 59 123 122 30 143 0 118 
0 55 150 78 0 154 127 0 139 108 153 56 130 110 36 145 0 104 
11 9 178 93 0 156 148 0 126 113 173 68 136 122 39 157 0 107 
20 1 149 93 0 108 142 0 88 107 179 75 127 128 34 155 0 104 
22 0 144 102 0 101 154 0 74 110 187 81 122 139 35 155 0 106 
17 10 123 85 0 113 138 0 99 98 172 65 117 120 29 149 0 104 
6 24 146 92 0 148 140 0 122 111 160 60 128 100 33 149 0 106 
7 30 135 86 0 159 151 0 125 109 176 55 121 123 21 143 0 117 
23 8 114 85 0 126 141 0 106 103 166 54 122 111 24 145 0 112 
9 19 129 87 0 121 138 0 100 102 176 63 124 121 28 150 0 100 
17 2 120 88 0 135 140 0 117 116 178 71 134 120 32 151 0 104 
7 21 166 91 0 149 155 0 115 113 190 75 123 142 34 149 0 113 
2 26 149 84 0 135 138 0 106 101 188 78 117 141 33 144 0 104 
0 34 150 82 0 141 136 0 108 111 181 70 122 131 31 143 0 104 
1 22 139 88 0 121 155 0 83 118 193 93 113 146 36 145 0 103 
17 10 122 77 0 100 130 0 98 104 178 79 121 119 36 150 0 91 
0 22 126 79 0 141 133 0 115 100 171 71 122 112 37 148 0 98 
12 15 151 98 0 132 159 0 108 116 172 66 136 104 34 154 0 105 
2 20 157 87 0 150 144 0 112 105 173 59 126 106 26 148 0 109 
1 23 136 82 0 164 135 0 151 98 137 39 116 91 25 141 0 111 
20 12 118 92 0 104 139 0 99 111 157 75 129 116 47 157 2 105 
6 20 135 90 0 144 141 0 125 110 161 56 128 104 32 152 0 105 
0 55 134 71 0 134 120 0 118 92 157 51 119 109 27 139 0 99 
15 0 142 104 0 146 153 0 118 124 164 51 146 105 33 169 0 102 
21 3 118 90 0 113 142 0 91 100 177 65 118 124 28 151 0 103 
18 13 129 89 0 156 139 0 133 101 150 52 124 99 34 151 0 113 
0 0 106 84 0 122 137 0 95 118 200 92 134 168 52 150 0 87 
0 28 138 93 0 126 142 0 100 124 187 82 147 138 45 156 0 89 
26 9 119 93 0 115 131 0 79 107 190 90 119 143 38 150 0 98 
34 5 110 96 0 80 134 5 66 100 193 88 119 148 38 157 0 93 
10 12 117 99 0 141 154 0 119 130 174 73 148 117 43 159 0 94 
0 60 159 81 0 148 134 0 125 106 180 62 124 131 26 138 0 97 
0 43 167 85 0 154 139 0 127 116 184 72 129 147 40 149 0 99 
7 17 128 92 0 127 143 0 103 113 184 77 125 140 38 151 0 97 
0 49 157 77 0 144 127 0 113 98 178 70 121 136 35 144 0 94 
0 41 164 83 0 149 131 0 127 104 167 59 120 108 29 142 0 111 
8 24 140 101 0 127 157 0 109 135 185 70 151 126 35 153 0 105 
0 20 159 96 0 148 151 0 123 127 170 69 138 123 41 156 0 107 
15 21 171 98 0 152 146 0 128 120 169 69 136 128 40 152 0 108 
8 13 154 103 0 161 158 0 132 129 168 55 146 100 30 161 0 112 
2 19 171 92 0 161 146 0 133 117 165 61 136 102 33 154 0 108 
12 17 197 89 0 170 141 0 148 107 146 50 125 82 36 153 0 125 
16 34 146 92 0 159 137 0 132 112 164 64 132 107 41 148 0 105 
18 12 116 100 0 130 148 0 109 109 178 71 139 139 46 165 9 95 
0 47 128 90 0 117 144 0 103 117 184 58 151 127 31 156 0 82 
0 29 130 105 0 141 157 0 129 134 157 57 148 106 42 159 0 102 
0 29 140 89 0 139 144 0 127 113 168 58 134 125 34 151 0 96 
0 27 133 94 0 142 143 0 126 129 162 62 137 127 43 157 0 99 
60 146 58 84 0 158 131 0 156 157 0 107 152 0 123 140 0 121 
31 130 218 80 0 156 128 0 152 157 0 103 164 0 124 142 0 107 
54 156 237 89 0 147 131 0 142 161 0 96 167 0 115 149 0 103 
87 158 56 94 0 165 141 0 165 175 0 111 168 0 128 153 0 111 
57 162 243 83 0 138 128 0 144 165 0 114 160 0 149 125 0 104 
62 141 223 71 0 116 107 0 125 130 0 102 128 0 107 132 0 101 
55 143 200 82 0 132 121 0 123 134 0 81 141 0 91 140 0 101 
43 148 100 81 0 114 119 0 112 130 0 75 146 0 95 136 0 84 
53 150 226 84 0 112 125 0 116 139 0 82 152 0 101 140 0 90 
69 163 71 105 0 139 149 0 129 160 0 77 168 0 98 157 0 98 
73 166 58 96 0 139 136 0 130 147 0 84 153 0 108 152 0 100 
88 139 37 101 0 137 142 0 136 157 0 84 159 0 103 151 0 107 
48 162 118 72 0 132 114 0 126 129 0 86 136 0 91 123 0 93 
78 183 164 113 0 124 155 0 116 158 0 63 176 4 91 163 0 92 
87 182 242 118 0 123 157 0 115 155 12 67 169 14 94 170 4 99 
68 162 235 87 0 130 130 0 132 147 0 87 150 0 104 149 0 96 
82 163 122 95 0 130 134 0 132 151 0 87 143 0 103 153 0 98 
79 154 50 90 0 127 130 0 128 142 0 85 146 0 98 149 0 103 
74 160 63 93 0 144 134 0 143 151 0 92 148 0 103 151 0 105 
87 160 238 101 0 137 136 0 125 135 0 69 139 0 80 154 0 102 
85 158 51 96 0 139 136 0 132 140 0 71 147 0 85 158 0 99 
84 157 57 100 0 122 142 0 116 141 2 60 142 3 71 158 0 96 
87 156 53 103 0 118 142 0 119 142 0 70 142 0 93 160 0 102 
88 161 55 105 0 129 153 0 129 153 0 70 154 1 81 160 0 102 
85 172 248 102 0 134 139 0 128 145 0 78 150 0 98 155 0 113 
75 183 75 106 0 132 145 0 132 157 0 79 158 0 96 158 0 110 
70 167 237 98 0 124 137 0 117 134 0 61 144 1 75 155 0 102 
89 164 216 91 0 121 132 0 116 127 0 67 132 0 76 151 0 115 
87 172 68 109 0 136 148 0 139 154 0 73 148 0 85 158 0 109 
85 175 252 100 0 107 132 0 106 136 0 67 148 0 83 158 0 107 
85 160 56 92 0 135 132 0 135 144 0 96 141 0 110 151 0 117 
75 168 232 79 0 122 122 0 127 137 0 88 134 0 103 137 0 122 
74 170 70 97 0 126 136 0 129 145 0 80 150 0 100 151 0 110 
81 175 241 98 0 115 138 0 125 146 0 79 159 0 97 157 0 106 
66 175 64 82 0 113 126 0 122 139 0 83 150 0 95 143 0 103 
57 167 67 78 0 120 123 0 138 145 0 92 145 0 102 139 0 103 
69 165 69 87 0 129 128 0 135 140 0 83 143 0 96 147 0 104 
70 165 60 100 0 113 140 0 115 135 0 61 142 0 77 154 0 95 
69 166 60 94 0 121 133 0 122 138 0 73 142 0 86 151 0 101 
60 177 67 78 0 116 120 0 122 130 0 82 140 0 95 142 0 98 
54 168 71 86 0 123 126 0 115 127 0 66 132 0 72 140 0 99 
76 173 84 96 0 110 135 0 114 131 0 69 139 0 82 150 0 104 
69 167 65 95 0 116 138 0 117 136 0 64 140 0 75 148 0 99 
68 163 220 97 0 132 141 0 130 150 0 83 150 0 99 147 0 103 
78 163 105 96 0 127 134 0 123 134 0 70 137 0 77 150 0 103 
80 169 233 97 0 126 134 0 122 129 0 73 136 2 77 156 0 98 
61 164 59 85 0 113 123 0 125 145 0 79 139 0 80 146 0 91 
69 162 57 90 0 113 127 0 123 141 0 76 141 0 80 149 0 95 
72 164 61 93 0 114 132 0 119 137 0 71 143 0 75 150 0 92 
71 153 55 87 0 117 128 0 127 134 0 77 136 0 79 144 0 97 
8 23 95 100 0 92 137 0 84 119 11 37 141 12 47 148 24 57 
0 37 143 72 0 155 120 0 151 147 0 105 138 0 117 126 0 110 
42 99 38 100 39 30 112 38 31 77 63 30 119 79 26 143 86 34 
7 26 119 81 0 102 121 0 105 123 0 71 130 0 76 144 12 75 
28 0 141 73 0 149 119 0 157 135 0 105 121 0 123 124 0 115 
22 36 81 96 0 82 131 0 86 114 13 48 126 17 53 152 23 68 
10 38 106 73 0 88 108 0 95 101 0 63 106 3 59 134 13 76 
25 52 78 94 14 60 122 9 61 90 41 34 112 51 30 152 33 56 
0 23 141 82 0 120 125 0 120 139 0 80 130 0 91 134 0 92 
3 35 103 84 4 57 98 7 51 88 13 49 101 22 39 138 28 59 
63 0 185 85 0 204 133 0 216 174 0 149 127 0 169 122 0 162 
63 10 237 84 0 207 129 0 212 171 0 155 126 0 180 117 0 181 
33 0 160 80 0 108 117 0 103 120 0 81 117 0 97 133 0 133 
17 1 138 74 0 81 110 0 75 100 0 55 107 0 64 133 0 111 
20 13 120 87 0 67 120 0 61 99 14 40 118 11 44 143 0 88 
43 0 116 116 0 81 152 0 77 140 25 43 161 17 67 166 0 95 
0 34 161 50 0 112 96 0 116 109 0 85 102 0 89 121 0 103 
34 0 198 97 0 144 142 0 136 157 0 86 145 0 109 152 0 126 
44 0 122 114 0 116 160 0 131 174 0 87 161 0 125 171 0 129 
0 20 149 81 0 123 128 0 135 149 0 92 141 0 115 142 0 105 
0 71 138 67 0 93 114 0 105 126 0 75 118 0 78 130 4 80 
14 40 88 80 0 70 113 0 74 105 14 53 115 19 51 143 21 67 
22 0 153 78 0 146 124 0 158 147 0 108 121 0 123 130 0 121 
26 3 123 98 0 92 139 0 92 136 5 49 138 2 58 156 0 81 
25 1 115 97 0 102 139 0 110 146 0 69 141 0 88 154 0 103 
0 38 146 82 0 104 130 0 108 132 0 68 122 0 78 132 0 102 
9 36 88 87 0 62 121 0 65 108 22 46 120 19 51 149 16 70 
29 7 117 98 0 95 141 0 99 141 0 60 134 0 72 148 0 98 
18 0 150 93 0 126 137 0 132 148 0 78 135 0 98 146 0 106 
0 86 141 39 0 104 85 0 122 104 0 99 89 0 97 99 4 91 
3 20 174 75 0 120 117 0 119 128 0 78 122 0 84 135 0 93 
61 0 140 127 0 136 168 0 132 180 16 78 170 3 107 185 0 125 
0 30 148 71 0 135 118 0 144 145 0 105 128 0 111 141 0 97 
0 52 126 60 0 92 107 0 98 113 0 73 110 0 73 125 6 83 
10 29 163 70 0 173 117 0 181 157 0 129 126 0 138 125 0 124 
5 26 120 80 0 84 124 0 91 127 0 61 129 0 70 143 4 81 
27 4 141 102 0 127 143 0 128 148 0 73 141 0 94 149 0 105 
17 4 170 90 0 163 137 0 173 166 0 115 138 0 132 138 0 124 
34 0 167 114 0 143 154 0 136 162 3 80 153 0 98 170 0 111 
0 40 125 89 0 121 136 0 125 144 0 73 126 0 81 140 0 95 
12 8 172 67 0 145 112 0 160 133 0 98 105 0 105 128 0 116 
57 0 174 103 0 149 144 0 156 155 0 98 128 0 114 150 0 145 
39 0 150 94 0 126 136 0 135 146 0 93 124 0 109 147 0 131 
52 0 177 122 0 151 166 0 144 177 7 82 157 0 98 170 0 133 
4 28 146 92 0 154 135 0 152 154 0 96 131 0 110 140 0 115 
0 56 153 75 0 134 120 0 142 142 0 94 122 0 101 132 0 103 
32 0 187 108 0 166 151 0 154 158 11 82 138 16 94 173 0 135 
0 55 133 84 0 134 131 0 135 148 0 87 132 0 97 138 0 103 
0 104 138 53 0 96 99 0 100 102 0 70 96 0 66 109 13 73 
0 43 175 67 0 168 114 0 168 143 0 117 114 0 119 116 0 110 
46 44 57 65 0 110 119 0 140 113 0 63 63 57 31 137 0 136 
50 58 49 81 0 107 133 0 139 129 0 65 75 41 34 152 0 139 
50 25 70 50 0 117 93 0 133 84 0 70 38 68 39 116 0 140 
21 36 82 57 0 89 110 0 108 98 26 39 69 91 22 131 0 111 
30 57 60 72 0 84 126 0 108 119 21 41 76 67 23 145 0 123 
51 72 49 83 0 97 130 0 138 132 0 61 70 34 37 144 0 136 
10 55 79 49 0 86 120 0 103 126 39 34 96 92 18 137 0 97 
25 78 57 52 4 68 122 0 95 129 15 52 104 97 22 144 0 103 
46 78 47 81 0 87 142 0 136 148 3 68 86 46 33 153 0 131 
56 73 42 86 0 95 153 0 132 155 7 59 90 45 28 163 0 138 
40 49 56 40 0 82 103 0 122 106 0 58 67 70 23 122 0 125 
14 59 74 52 0 87 107 0 91 110 15 43 94 105 21 131 0 95 
17 61 68 76 0 98 141 0 93 124 30 29 100 104 12 153 0 99 
42 76 51 69 0 103 127 0 115 132 16 54 87 63 28 151 0 123 
21 65 63 51 0 81 110 0 96 114 25 39 85 89 22 136 0 101 
21 56 68 55 0 84 113 0 92 111 30 37 82 96 20 134 0 103 
29 32 79 28 4 93 83 0 99 77 20 47 54 97 30 107 0 109 
24 31 79 15 8 86 69 0 97 71 19 46 54 98 31 100 0 108 
60 83 39 88 0 103 143 0 136 145 0 66 88 30 36 166 0 143 
60 78 42 87 0 105 142 0 132 132 1 58 85 37 34 163 0 144 
34 50 53 47 0 90 106 0 109 106 10 43 68 67 21 121 0 119 
41 49 57 52 0 94 113 0 108 102 13 45 68 70 25 128 0 125 
39 56 56 52 0 90 112 0 108 102 16 42 72 69 25 129 0 122 
47 54 55 56 0 98 114 0 114 101 15 46 71 67 30 138 0 130 
22 77 61 66 0 67 126 0 88 118 37 34 97 76 23 145 0 104 
13 73 84 59 15 63 114 0 75 105 61 38 97 101 29 135 0 84 
12 50 88 49 17 71 107 0 77 90 54 33 83 108 25 124 0 89 
16 37 81 40 13 73 101 0 78 85 45 29 72 106 21 120 0 102 
31 43 63 43 0 82 104 0 95 96 28 38 67 80 25 123 0 116 
51 53 51 52 0 97 110 0 120 109 6 54 63 53 34 131 0 132 
34 40 56 45 0 94 107 0 98 86 21 33 65 82 20 130 0 122 
54 30 62 36 0 117 88 0 121 78 0 61 53 62 35 108 0 136 
50 49 56 52 0 113 105 0 139 118 0 94 79 54 33 129 0 131 
39 54 55 54 0 101 118 0 121 131 0 67 95 68 23 133 0 126 
37 54 56 48 0 88 114 0 124 131 0 71 91 63 24 128 0 125 
36 56 59 57 0 83 118 0 113 123 0 65 91 70 25 132 0 121 
47 57 53 54 0 95 117 0 124 127 0 68 83 58 29 134 0 128 
43 59 51 58 0 87 121 0 117 129 0 62 89 60 26 139 0 127 
45 63 48 70 0 97 135 0 126 141 0 58 92 50 24 142 0 129 
49 60 46 62 0 93 122 0 124 130 0 61 86 53 28 141 0 133 
51 72 43 72 0 94 132 0 123 134 4 60 93 44 33 154 0 137 
10 57 71 46 5 65 111 0 87 118 15 41 103 94 16 122 0 101 
20 30 100 19 28 80 70 0 80 72 31 45 79 129 36 101 14 100 
23 33 86 20 13 84 78 0 98 88 20 50 73 103 30 97 0 103 
10 85 70 94 5 60 162 0 74 146 51 24 137 93 19 172 1 94 
36 88 57 85 0 78 142 0 110 148 20 58 114 56 34 156 0 115 
52 70 52 76 0 100 134 0 125 137 9 67 96 52 36 153 0 138 
54 41 58 42 0 111 98 0 136 105 0 68 66 61 33 116 0 139 
35 21 95 10 19 97 67 0 116 70 11 62 60 103 38 94 2 110 
36 26 81 24 10 96 78 0 110 81 13 55 64 98 29 96 0 113 
31 28 80 67 0 118 132 0 126 98 112 30 120 0 71 129 0 130 
35 15 88 50 0 128 106 0 119 83 127 44 99 15 60 129 0 136 
42 58 65 90 0 138 144 0 141 127 93 35 152 0 96 148 0 140 
36 49 73 84 0 135 136 0 127 119 108 41 153 8 86 144 0 133 
3 32 115 39 0 94 100 0 81 92 158 55 110 28 37 104 0 93 
45 5 119 11 10 129 52 0 110 43 126 66 57 16 70 72 5 125 
37 15 69 16 0 130 67 0 127 69 97 27 77 0 95 90 0 146 
74 0 75 49 0 163 94 0 156 65 78 26 81 0 92 101 0 182 
54 17 60 75 0 143 128 0 135 99 97 16 111 0 72 124 0 161 
37 32 66 73 0 123 127 0 113 109 111 30 120 0 70 145 0 142 
23 21 85 49 0 105 105 0 91 92 131 35 97 4 51 120 0 125 
20 21 101 34 0 98 89 0 85 84 139 44 82 12 50 102 0 118 
27 8 101 38 0 114 89 0 92 75 139 41 77 10 46 104 0 126 
26 23 93 40 0 109 93 0 101 93 126 41 87 3 59 103 0 124 
14 25 95 46 0 92 105 0 84 100 146 42 98 14 45 118 0 113 
42 19 72 80 0 116 135 0 104 109 122 28 116 4 51 147 0 142 
26 35 86 41 0 105 96 0 107 95 114 38 93 0 70 105 0 123 
26 16 95 41 0 109 94 0 95 86 134 38 87 9 50 109 0 123 
18 33 83 50 0 95 109 0 88 106 129 35 102 5 52 115 0 119 
1 34 119 38 9 73 94 0 60 95 165 61 89 43 31 105 0 88 
36 12 87 45 0 111 96 0 101 86 123 36 85 2 57 110 0 136 
63 16 69 61 0 140 110 0 140 90 86 30 92 0 84 122 0 158 
70 27 60 84 0 140 131 0 138 107 83 26 109 0 88 134 0 162 
64 20 59 63 0 136 111 0 134 97 82 25 96 0 90 119 0 166 
53 36 58 90 0 123 141 0 122 120 97 25 121 0 75 145 0 150 
43 31 66 77 0 113 128 0 109 113 108 30 115 0 65 139 0 140 
47 22 71 63 0 116 114 0 112 100 107 31 99 0 68 124 0 144 
38 28 70 61 0 104 113 0 102 105 114 30 103 0 65 119 0 137 
40 28 70 66 0 102 118 0 99 109 119 32 108 0 62 129 0 139 
61 19 66 70 0 132 120 0 126 99 97 27 99 0 74 128 0 154 
18 49 142 82 0 95 143 0 94 133 134 35 145 8 66 146 0 122 
44 28 124 66 0 140 122 0 134 109 100 25 119 0 88 124 0 148 
58 20 115 84 0 142 137 0 132 108 99 26 123 0 80 141 0 157 
49 18 110 51 0 127 103 0 126 95 103 30 100 0 87 114 0 157 
0 63 157 87 0 46 153 0 49 148 158 33 143 20 22 128 0 97 
46 21 97 67 0 119 119 0 114 108 109 26 111 0 75 122 0 148 
68 34 59 83 0 143 130 0 145 109 84 34 111 0 99 136 0 163 
41 48 84 94 0 106 150 0 108 133 108 27 158 0 91 144 0 140 
43 62 153 104 0 124 157 0 123 144 106 37 156 0 94 156 0 135 
45 38 133 87 0 143 143 0 125 124 111 29 144 0 86 148 0 147 
40 60 156 89 0 135 143 0 131 134 89 34 147 0 105 146 0 136 
39 24 65 69 0 130 125 0 111 109 120 25 124 0 72 126 0 140 
54 28 92 73 0 144 125 0 133 108 95 28 122 0 94 128 0 153 
60 31 118 79 0 149 131 0 137 113 90 29 127 0 98 134 0 158 
50 25 76 68 0 146 123 0 131 103 97 29 122 0 98 121 0 150 
52 21 66 64 0 140 118 0 126 100 103 26 114 0 91 121 0 154 
56 25 69 81 0 146 132 0 132 108 102 30 121 0 89 132 0 153 
60 59 94 117 0 138 165 0 134 148 89 34 159 0 103 167 0 161 
52 47 144 88 0 132 141 0 134 130 85 28 139 0 109 143 0 156 
34 96 29 128 0 94 182 0 104 181 107 31 184 0 102 182 0 135 
28 5 114 92 0 106 124 39 38 121 0 63 149 0 131 132 0 154 
4 47 86 115 0 103 165 52 41 158 17 50 170 0 129 144 0 132 
22 17 105 93 0 112 135 46 40 122 10 53 140 0 119 144 0 146 
21 20 85 89 0 90 132 51 32 125 13 43 134 0 99 144 0 136 
22 14 105 75 0 102 123 41 36 115 0 60 127 0 132 126 0 143 
45 10 85 106 0 129 141 25 49 137 0 65 147 0 132 152 0 161 
9 16 117 78 0 92 123 62 28 101 15 40 124 0 97 131 0 131 
0 26 124 64 0 79 116 71 28 94 18 46 110 0 105 114 0 120 
0 33 143 76 6 69 123 98 26 96 62 25 110 0 56 127 0 103 
16 24 123 68 0 81 130 69 34 105 41 35 122 0 71 131 0 117 
3 34 115 72 1 65 127 78 29 102 40 28 118 0 71 135 0 113 
6 37 105 76 0 73 128 74 31 103 35 36 113 0 82 130 0 119 
7 31 111 77 0 70 122 73 29 101 37 37 111 0 76 131 0 120 
12 16 102 77 0 81 123 58 30 106 25 37 109 0 82 131 0 136 
43 13 84 103 0 120 137 25 48 136 3 58 132 0 110 151 0 163 
12 4 108 74 0 92 117 52 23 102 14 37 102 0 84 119 0 143 
32 7 120 71 0 113 108 43 39 107 3 57 118 0 107 99 0 155 
66 0 176 4 0 153 33 30 68 40 0 112 39 0 147 76 1 175 
59 0 144 33 0 148 65 16 53 73 0 90 69 0 141 82 0 179 
32 0 118 73 0 113 111 39 37 103 8 51 105 0 95 122 0 154 
70 0 106 83 0 151 110 0 60 124 0 81 111 0 138 123 0 189 
56 0 91 90 0 131 124 9 54 129 0 69 119 0 128 140 0 182 
62 0 101 76 0 141 110 5 53 117 0 75 106 0 134 122 0 186 
71 0 84 102 0 143 129 0 63 138 0 76 124 0 130 147 0 192 
54 4 84 105 0 124 136 15 54 137 0 61 125 0 112 148 0 174 
67 0 110 68 0 138 99 3 57 108 0 80 93 0 136 117 0 192 
67 0 98 86 0 133 116 5 58 123 0 74 107 0 129 129 0 190 
58 0 102 77 0 130 108 13 51 122 0 83 126 0 163 126 0 186 
69 0 95 91 0 141 116 2 59 134 0 86 136 0 162 137 0 191 
29 15 109 71 0 110 115 41 40 113 0 64 119 0 127 121 0 144 
52 4 154 30 0 134 63 42 64 65 0 100 72 0 148 97 1 164 
42 12 88 114 0 114 145 31 45 138 8 47 145 0 101 153 0 156 
18 30 94 94 0 85 139 56 39 121 25 44 124 0 92 145 0 129 
0 45 88 107 0 54 159 81 23 126 48 16 132 0 61 152 0 105 
16 30 88 102 0 82 145 56 36 127 28 38 129 0 88 153 0 133 
12 36 88 104 0 76 149 63 35 129 35 37 131 0 81 152 0 123 
12 33 100 94 0 74 139 68 35 115 35 37 120 0 80 146 0 122 
11 33 101 94 0 75 138 68 34 117 32 43 117 0 93 142 0 123 
11 36 96 97 0 78 137 67 34 116 20 45 127 0 104 144 0 123 
10 38 96 101 0 84 142 65 33 143 4 56 169 0 119 147 0 119 
7 44 91 103 0 75 148 74 35 130 28 42 150 0 95 153 0 117 
9 41 102 97 0 75 141 74 37 120 28 42 138 0 95 148 0 117 
3 41 105 95 0 69 140 77 34 120 32 40 139 0 89 148 0 112 
3 32 112 83 0 72 129 75 29 111 23 41 128 0 95 134 0 115 
9 30 108 87 0 77 132 69 31 118 22 41 132 0 95 140 0 120 
6 35 107 88 0 71 134 71 31 120 26 41 134 0 97 138 0 115 
7 37 105 93 0 79 137 68 33 124 12 51 151 0 106 141 0 116 
10 33 102 93 0 81 135 65 34 131 16 49 148 0 108 142 0 120 
7 30 107 88 0 78 132 66 31 119 17 43 138 0 98 142 0 121 
11 18 152 35 0 93 76 69 35 84 0 78 109 0 141 86 0 124 
48 38 68 83 57 34 133 0 121 190 0 128 183 0 172 137 0 159 
43 19 81 63 72 39 110 0 91 139 0 86 137 0 110 137 0 152 
34 29 74 63 84 31 105 0 84 143 0 92 139 0 116 130 0 147 
23 47 81 61 99 37 105 0 84 153 0 98 145 0 127 119 0 127 
24 49 75 57 105 39 102 0 72 135 0 81 134 0 96 128 0 128 
22 61 65 65 105 30 120 0 70 149 0 78 154 0 108 139 0 124 
38 86 48 95 94 26 144 0 80 172 2 81 174 2 115 168 0 133 
35 51 62 75 91 31 133 0 72 160 6 65 162 2 82 164 0 129 
24 67 67 79 104 31 129 0 60 154 0 64 158 0 91 144 0 119 
36 46 63 60 82 34 110 0 92 156 0 97 150 0 119 135 0 138 
32 34 73 42 89 39 88 0 90 134 0 99 130 0 115 118 0 136 
32 38 70 46 88 35 96 0 90 142 0 100 136 0 114 128 0 133 
39 51 60 65 84 33 114 0 83 148 0 87 141 0 103 145 0 140 
36 55 57 65 90 31 112 0 78 143 0 84 137 0 97 145 0 137 
34 46 65 60 89 35 108 0 86 154 0 92 147 0 111 134 0 135 
8 55 84 55 124 38 99 2 55 123 0 61 128 0 76 131 0 105 
9 58 89 61 126 42 107 14 46 123 0 45 133 0 56 140 0 100 
10 61 74 66 124 32 114 11 44 131 3 48 136 0 60 147 0 106 
30 55 60 62 96 31 114 0 77 152 0 87 141 0 107 137 0 134 
31 55 59 78 97 29 138 0 66 163 0 60 156 0 75 152 0 129 
38 57 53 72 88 28 127 0 81 159 0 83 148 0 102 150 0 138 
36 56 60 70 93 33 122 0 74 152 0 77 142 0 90 146 0 133 
39 37 68 53 79 39 109 0 91 147 0 87 132 0 95 132 0 136 
38 41 65 54 84 38 103 0 86 143 0 94 130 0 109 129 0 136 
28 41 71 45 100 39 91 0 76 120 0 87 111 0 98 123 0 129 
31 43 69 51 96 37 97 0 78 131 0 88 120 0 101 126 0 131 
40 47 61 61 86 35 114 0 83 148 0 86 142 0 97 151 0 136 
38 54 59 66 89 33 117 0 79 151 0 82 144 0 99 148 0 133 
26 38 92 38 110 54 72 0 82 106 0 95 104 0 102 109 0 121 
0 58 108 52 167 56 80 62 25 59 53 8 100 42 10 141 13 67 
30 40 108 46 100 34 86 0 67 109 0 64 117 0 82 116 0 120 
80 8 93 28 43 76 64 0 131 112 0 130 106 0 132 104 0 161 
16 61 70 63 115 32 105 0 60 138 0 70 140 0 89 132 0 120 
43 10 81 21 78 54 65 0 105 118 0 118 110 0 125 104 0 150 
63 41 62 59 54 42 109 0 112 153 0 118 148 0 133 145 0 153 
41 35 57 52 80 33 99 0 83 139 0 88 140 0 104 146 0 147 
46 57 55 66 76 33 112 0 84 149 0 89 147 0 119 136 0 142 
42 35 60 50 79 35 99 0 78 124 0 82 123 0 98 131 0 146 
64 42 46 63 56 39 118 0 106 151 0 109 142 0 135 141 0 168 
56 51 41 70 69 30 120 0 89 147 0 89 142 0 112 151 0 160 
68 48 47 70 55 37 124 0 101 159 0 102 149 0 117 151 0 163 
24 51 57 55 103 28 102 0 58 125 0 61 131 0 77 141 0 130 
39 45 62 59 89 35 110 0 68 133 0 67 134 0 79 142 0 134 
29 41 75 50 96 41 96 0 65 122 0 69 125 0 81 131 0 125 
30 52 67 55 100 38 100 0 66 128 0 67 125 0 84 131 0 127 
10 37 88 30 120 47 68 3 62 96 0 72 102 0 84 111 0 113 
17 18 87 27 108 45 72 2 56 97 0 63 104 0 71 119 0 124 
37 14 86 22 86 52 67 0 101 120 0 118 109 0 127 102 0 140 
43 15 85 21 81 58 66 0 106 117 0 116 108 0 125 105 0 146 
27 44 70 46 100 40 89 0 84 138 0 99 134 0 126 118 0 134 