17 5 162 0 95 81 51 0 104 93 0 122 71 0 139 86 0 130 
15 9 135 18 110 63 66 0 85 102 0 104 83 0 121 105 0 125 
24 14 97 35 106 46 85 0 82 123 0 102 102 0 127 125 0 126 
16 8 149 61 136 45 90 0 67 124 0 88 104 0 111 131 0 135 
30 42 68 37 116 46 75 0 72 105 0 88 85 0 109 116 0 119 
39 4 211 35 119 50 67 0 77 105 0 100 84 0 127 110 0 147 
53 32 60 21 100 56 63 0 89 98 0 111 72 0 132 102 0 138 
14 16 196 52 176 70 72 15 52 96 0 74 86 0 99 128 0 122 
36 64 66 46 118 53 84 2 70 110 0 85 95 0 110 132 0 125 
19 10 189 66 158 50 89 0 59 120 0 78 106 0 110 137 0 136 
19 6 186 48 125 41 83 0 74 123 0 99 96 0 121 128 0 142 
47 53 51 52 119 42 91 0 73 122 0 92 101 0 118 131 0 131 
14 8 154 45 138 50 90 0 68 126 0 88 108 0 117 136 0 128 
68 67 167 54 112 40 90 0 74 123 0 93 105 0 126 132 0 130 
12 17 166 63 151 51 83 8 61 108 0 77 98 0 104 131 0 120 
55 60 44 38 102 44 76 0 72 108 0 90 91 0 124 121 0 141 
42 0 192 52 93 35 85 0 99 128 0 120 102 0 157 120 0 170 
50 8 78 45 86 41 80 0 92 121 0 112 93 0 140 119 0 146 
48 45 142 42 120 48 75 0 82 111 0 105 91 0 128 118 0 131 
18 11 179 63 141 45 96 0 80 132 0 101 109 0 130 130 0 144 
37 45 62 35 131 52 69 0 74 100 0 97 94 0 125 108 0 120 
43 16 79 34 104 49 94 0 85 128 0 104 123 0 125 122 0 142 
65 49 155 52 93 38 101 0 69 124 0 81 111 0 107 130 0 135 
21 4 144 38 107 48 80 0 73 110 0 95 96 0 113 118 0 136 
70 11 121 11 84 64 66 12 59 81 12 47 83 0 66 97 0 154 
46 0 90 30 87 49 78 0 97 125 0 126 114 0 162 102 0 166 
66 6 106 25 87 51 75 0 98 116 0 122 107 0 153 96 0 158 
72 35 131 24 83 52 84 0 89 123 0 112 114 0 142 108 0 152 
45 0 91 46 88 41 84 0 85 126 0 108 109 0 146 114 0 163 
69 8 107 39 81 44 70 30 44 88 33 33 66 39 34 111 0 152 
26 13 142 42 112 51 84 0 84 116 0 104 97 0 131 118 0 149 
65 37 136 44 101 41 82 0 73 112 0 92 98 0 118 114 0 137 
42 5 101 56 128 41 90 0 66 117 0 83 109 0 118 122 0 142 
23 0 163 56 113 37 85 0 63 115 0 81 98 0 100 130 0 142 
22 1 143 35 122 47 74 0 71 107 0 95 88 0 121 117 0 147 
74 53 160 43 112 42 86 0 73 116 0 91 109 0 114 115 0 136 
16 6 121 58 141 38 101 5 57 130 0 79 121 0 120 141 0 148 
50 0 97 38 82 46 106 0 93 148 0 110 149 0 142 130 0 165 
38 0 160 47 110 42 103 0 87 144 0 112 128 0 152 129 0 164 
90 44 152 32 95 47 86 0 99 127 0 123 114 0 156 114 0 166 
24 1 152 75 137 43 113 0 68 142 0 91 122 0 116 148 0 163 
73 29 49 53 119 37 137 33 30 82 39 10 94 61 8 130 0 144 
74 6 110 15 80 61 69 0 80 105 0 96 85 0 139 98 0 163 
50 0 156 25 81 56 79 0 104 129 0 133 101 0 165 113 0 173 
86 20 116 25 89 53 77 0 104 116 0 129 94 0 161 107 0 172 
33 0 165 59 101 34 88 0 71 126 0 92 107 0 121 135 0 148 
63 17 63 55 96 36 89 0 75 118 0 92 92 0 114 125 0 155 
81 37 51 37 93 49 70 2 70 98 0 89 67 0 102 108 0 173 
29 0 182 52 114 37 71 2 64 106 0 91 88 0 114 121 0 148 
66 6 73 68 0 139 117 0 123 49 128 47 33 117 45 114 0 178 
79 0 73 64 0 114 108 0 94 54 134 45 35 153 56 118 0 189 
65 17 52 84 0 163 139 0 133 71 126 36 33 115 43 126 0 182 
46 1 82 53 0 142 123 0 103 43 160 47 17 147 49 100 0 165 
38 1 107 50 0 123 70 0 90 42 157 61 41 151 52 96 0 150 
72 29 54 86 0 181 143 0 143 77 126 34 49 112 36 123 0 171 
26 0 122 47 0 97 83 0 73 54 164 65 52 160 54 98 0 136 
51 0 115 74 0 93 110 0 76 60 134 41 50 132 38 107 0 167 
32 0 140 6 8 149 66 0 103 44 96 40 49 140 43 78 0 162 
59 0 36 61 0 190 114 0 136 49 134 43 14 106 49 103 0 198 
48 0 98 31 0 147 90 0 127 51 129 39 33 125 40 89 0 169 
48 0 117 47 0 121 99 0 89 61 128 39 56 131 37 105 0 171 
46 0 103 0 14 151 52 0 106 5 160 68 12 178 58 52 2 152 
40 69 56 105 0 126 180 0 125 135 137 41 100 111 26 151 0 144 
82 19 62 19 1 121 80 0 96 46 118 45 45 116 42 96 0 174 
35 0 142 0 47 139 39 4 80 23 176 108 28 180 92 41 30 124 
51 64 43 95 0 117 169 0 115 123 145 37 91 112 21 145 0 158 
77 72 40 52 0 82 127 0 71 86 140 38 58 111 32 128 0 172 
30 59 68 70 0 127 147 0 103 117 160 55 94 128 34 126 0 132 
17 43 119 32 77 42 142 57 30 102 192 74 83 161 40 118 0 117 
47 39 59 69 0 146 136 0 104 97 161 48 77 125 28 122 0 155 
28 0 125 50 0 110 80 0 78 52 164 58 49 158 48 94 0 141 
55 40 50 64 0 163 131 0 130 95 136 33 71 107 24 123 0 170 
53 45 48 50 0 96 131 0 73 91 143 33 75 120 26 124 0 155 
38 54 58 63 0 143 163 0 116 98 147 41 73 117 27 125 0 144 
33 38 71 63 0 109 93 0 83 68 161 57 60 139 40 110 0 137 
53 49 49 59 0 155 129 0 136 88 133 34 68 103 26 119 0 161 
72 64 36 65 0 75 129 0 58 92 124 25 72 96 22 138 0 166 
37 26 70 28 0 129 101 0 102 64 156 49 56 132 34 95 0 143 
76 139 47 155 0 138 204 23 154 180 98 52 156 68 44 202 0 157 
77 48 43 39 5 92 113 1 66 77 123 32 66 95 26 118 0 171 
16 16 79 19 0 119 110 0 72 71 181 52 62 165 32 91 0 133 
29 109 184 139 0 108 203 28 107 171 150 64 151 121 40 180 0 120 
62 28 55 39 13 75 110 0 67 74 128 38 69 98 29 121 0 150 
23 8 125 7 14 133 73 0 71 50 177 89 48 170 69 67 13 116 
46 72 46 80 0 75 143 10 60 101 146 37 89 113 23 137 0 146 
39 95 143 125 0 122 195 1 104 166 148 46 143 111 26 156 0 135 
31 12 87 14 33 84 104 39 34 72 172 56 71 154 37 89 0 126 
38 45 65 54 0 135 131 0 96 102 162 50 91 131 32 114 0 137 
47 59 51 61 0 124 125 0 105 93 154 44 92 120 24 121 0 151 
73 37 50 44 40 56 108 35 39 65 125 37 57 96 28 111 0 169 
41 42 60 46 0 119 123 0 103 90 150 41 80 117 24 114 0 146 
33 19 86 54 0 78 95 2 57 50 158 61 56 139 40 98 0 135 
54 31 58 23 12 93 103 13 52 70 148 45 73 131 31 104 0 151 
36 45 64 79 0 114 110 0 91 74 150 46 81 124 28 118 0 140 
23 43 71 51 0 130 137 0 95 99 164 47 87 134 29 117 0 130 
26 39 77 71 0 94 115 0 73 79 162 53 83 137 34 117 0 128 
38 0 108 26 0 140 77 0 102 43 154 59 44 135 42 89 0 140 
45 8 85 16 16 96 91 13 51 62 155 52 58 131 34 97 0 144 
28 39 74 83 0 103 116 0 86 88 158 49 88 125 29 124 0 133 
66 20 59 89 0 124 112 118 31 36 151 64 90 167 48 126 0 178 
59 15 71 89 0 70 120 110 32 43 155 66 93 173 54 128 0 171 
51 81 42 186 2 135 190 78 61 106 135 31 131 130 36 188 0 169 
70 0 90 12 8 149 37 122 60 5 153 142 39 190 103 66 4 171 
55 80 166 97 0 102 137 123 45 73 188 96 111 180 77 138 0 164 
103 142 201 201 25 155 192 34 80 111 119 23 123 93 21 214 15 197 
78 0 96 5 19 157 27 120 72 0 138 159 21 180 127 47 18 171 
53 72 160 98 0 98 129 125 31 55 193 95 92 188 61 130 0 171 
78 150 128 201 22 124 205 60 78 124 143 32 141 117 31 210 6 171 
59 42 50 77 0 81 117 106 31 41 175 88 78 184 64 115 0 165 
73 34 48 97 0 156 113 84 26 31 152 70 65 163 50 116 0 186 
61 0 151 0 53 145 1 141 94 0 136 189 13 190 147 30 32 148 
80 64 83 92 0 91 123 84 26 38 171 79 73 171 50 124 0 191 
145 32 52 112 0 227 97 3 59 29 69 51 26 75 44 124 23 249 
59 82 170 90 0 103 135 113 36 60 184 94 95 180 64 132 0 164 
48 110 49 144 4 75 182 91 55 102 174 59 131 164 55 164 0 147 
65 35 129 85 0 137 109 86 26 34 156 74 65 169 54 108 0 178 
95 0 134 0 38 175 3 97 90 0 103 151 0 158 118 36 38 178 
57 65 158 108 0 104 133 94 31 56 171 70 89 173 53 125 0 170 
46 61 52 73 17 55 129 111 33 55 182 86 92 185 67 118 0 156 
56 123 114 186 10 117 194 69 69 114 155 42 136 139 41 185 0 157 
55 76 150 106 0 68 147 85 33 62 175 70 94 173 53 136 0 165 
111 38 128 97 0 190 100 34 40 26 105 55 42 113 37 119 0 212 
76 0 89 4 13 150 33 98 54 0 128 125 17 165 89 59 5 172 
48 69 159 96 0 72 138 112 36 63 175 74 101 174 56 133 0 153 
22 67 160 53 74 38 129 145 44 73 203 120 109 200 89 121 0 125 
46 120 49 183 15 102 198 82 69 120 167 51 143 146 47 189 0 142 
110 26 110 95 0 168 89 42 33 12 114 61 36 129 40 112 0 210 
40 64 43 63 23 46 128 119 26 48 197 103 93 199 69 118 0 148 
33 5 95 0 32 110 46 161 68 23 171 186 55 211 136 64 5 128 
110 20 108 93 0 201 86 29 41 20 103 58 37 115 41 113 0 212 
26 101 53 107 13 50 149 146 49 83 204 103 120 197 85 135 0 125 
67 131 4 241 28 128 244 28 85 156 120 0 171 88 8 217 0 169 
43 0 151 0 39 123 16 139 62 0 159 153 23 203 117 40 18 127 
6 107 198 75 61 32 134 181 75 99 208 150 131 208 136 118 0 92 
80 72 30 159 0 138 161 54 47 85 148 40 109 145 34 158 0 172 
111 33 39 105 0 168 102 33 39 38 115 51 51 125 35 118 0 210 
46 63 154 67 10 61 122 112 31 59 189 96 96 190 74 116 0 147 
61 0 121 0 58 140 13 136 82 0 136 182 22 191 146 33 35 146 
83 61 148 100 0 124 111 92 29 30 165 86 65 179 61 108 0 183 
55 71 138 65 5 65 111 121 31 39 187 112 78 197 82 103 0 156 
88 38 81 107 0 166 104 53 33 31 134 61 56 141 41 115 0 195 
52 132 48 183 13 91 201 86 68 125 161 47 156 140 50 194 0 132 
35 66 89 55 49 45 118 128 37 59 190 99 101 191 78 116 0 125 
86 0 92 2 12 155 26 96 56 0 129 128 22 173 93 57 5 169 
110 22 51 81 0 167 83 49 33 15 105 60 37 126 40 104 0 202 
67 91 37 132 0 88 158 71 39 67 154 48 104 154 40 150 0 161 
93 80 23 176 0 186 170 4 71 99 100 22 101 89 22 183 0 195 
92 9 60 58 0 158 82 64 33 20 160 98 56 170 61 105 0 193 
95 28 84 151 0 163 143 23 52 62 120 37 79 122 28 156 0 197 
119 0 107 0 109 86 37 130 52 0 146 151 13 184 132 48 21 206 
131 0 87 97 123 32 154 120 43 65 166 60 101 175 58 162 0 197 
97 0 126 16 147 77 60 155 56 12 171 148 37 201 136 60 3 183 
156 0 181 37 100 51 80 107 36 0 131 100 22 171 92 86 18 227 
159 0 104 113 117 31 161 104 42 61 149 48 88 164 44 165 0 212 
0 16 162 65 218 170 96 212 164 122 190 210 139 187 213 94 10 75 
75 14 153 40 132 139 75 133 115 56 134 154 58 157 145 78 49 177 
122 0 132 0 129 73 46 136 42 0 148 133 12 189 122 54 12 212 
81 0 145 48 48 47 98 56 31 46 94 36 72 124 26 120 0 183 
0 21 189 0 161 112 19 173 83 2 181 168 40 217 171 37 21 120 
99 0 141 70 152 38 124 153 41 47 186 81 87 202 75 127 0 173 
82 0 178 1 157 111 48 183 98 44 179 197 58 202 188 46 16 144 
81 24 65 7 129 76 62 172 70 33 182 173 63 210 160 60 2 147 
43 0 150 7 54 71 47 63 38 11 61 56 32 87 34 67 0 158 
86 0 180 37 176 78 85 183 75 44 190 158 70 211 152 70 0 154 
65 0 200 13 176 110 54 186 97 45 181 196 63 204 187 50 6 134 
81 0 161 45 178 78 96 179 72 53 196 149 81 212 141 84 0 153 
64 0 93 22 180 102 80 187 82 48 195 158 77 213 152 72 0 150 
113 10 61 110 166 53 170 147 71 91 182 75 129 182 76 164 0 159 
101 0 149 0 87 162 0 120 114 1 119 207 8 168 193 17 72 171 
80 0 152 43 177 82 94 182 77 53 194 154 85 212 147 78 0 145 
57 0 202 26 7 90 60 14 58 34 24 60 18 61 52 63 2 176 
73 0 183 41 190 96 91 195 95 64 200 162 95 213 155 77 0 132 
108 0 111 112 178 56 163 168 73 97 200 88 135 193 86 150 0 150 
100 0 122 0 132 96 42 149 70 8 157 163 28 191 149 46 17 178 
39 41 80 56 188 82 99 195 94 82 206 142 113 212 140 104 0 136 
40 15 78 31 61 55 84 66 31 41 85 37 70 107 26 90 0 141 
59 0 120 50 176 96 99 180 100 77 189 147 105 198 145 99 0 133 
148 0 130 40 97 44 77 119 35 9 144 92 44 175 70 95 2 217 
0 101 132 117 202 203 131 176 227 192 138 206 176 115 231 142 63 43 
99 0 51 32 136 63 55 154 69 21 169 127 51 189 103 83 0 198 
90 0 88 45 149 59 92 157 54 37 177 105 76 198 93 103 0 183 
76 0 104 32 163 70 77 172 63 33 188 127 71 209 110 90 0 170 
134 94 2 213 103 45 241 72 73 138 123 0 174 102 13 252 16 197 
67 0 218 0 127 146 12 157 118 18 147 202 25 187 176 27 45 144 
98 0 80 41 132 53 93 152 52 37 183 119 68 203 103 90 0 190 
145 2 88 33 63 55 68 77 34 11 106 66 44 140 47 90 18 230 
4 26 127 86 219 149 121 209 162 145 197 189 153 185 199 115 8 76 
152 3 76 147 86 35 177 98 47 72 154 42 126 158 42 177 0 205 
117 0 119 0 120 87 34 133 64 2 149 154 26 187 124 54 20 199 
31 35 250 0 116 216 0 159 176 58 113 255 31 148 255 16 83 98 
110 0 106 24 141 67 74 141 44 13 166 127 51 195 99 83 0 202 
102 0 121 17 143 75 68 146 50 15 170 138 50 199 109 75 0 193 
87 0 128 16 152 87 68 156 61 26 177 149 56 202 122 71 0 177 
95 0 113 20 153 71 73 151 45 18 178 133 55 202 105 79 0 186 
80 0 145 4 157 100 55 167 69 22 180 166 47 207 137 57 4 169 
65 0 80 42 180 75 102 171 51 41 202 124 84 215 99 96 0 158 
57 0 74 59 186 81 118 168 63 61 191 116 104 199 101 120 0 151 
72 0 117 22 168 91 74 169 64 32 190 148 64 210 122 80 0 164 
49 0 112 35 183 103 90 180 77 55 194 150 86 208 129 84 0 145 
115 0 177 185 99 59 215 98 91 150 120 34 186 75 63 235 35 184 
147 62 44 188 87 70 213 89 100 157 112 40 184 70 68 237 44 177 
83 17 255 101 123 40 141 145 57 76 159 58 135 136 46 180 17 219 
18 42 207 41 163 68 75 188 92 50 193 137 93 204 106 92 0 147 
158 55 45 186 115 61 205 116 84 138 130 34 182 92 61 232 29 177 
43 24 208 74 137 39 111 166 56 51 180 83 112 179 59 131 0 181 
134 24 228 111 77 32 140 113 37 60 136 42 119 124 31 179 13 229 
153 44 45 170 118 53 191 125 74 117 136 33 172 103 51 218 15 187 
86 0 200 108 125 34 139 151 54 67 163 59 132 152 49 168 0 191 
139 52 46 137 124 38 164 142 59 90 153 44 150 129 47 193 0 188 
0 45 162 65 116 36 106 157 52 70 183 84 110 180 68 115 0 134 
64 4 233 69 116 34 106 152 50 49 174 85 105 176 64 139 0 179 
175 0 153 139 111 37 164 133 56 85 148 41 146 128 43 196 2 196 
101 92 0 177 136 58 211 135 92 161 151 47 197 105 73 218 7 146 
82 0 160 169 136 60 194 141 87 131 153 46 183 119 69 219 12 168 
63 0 179 122 153 44 154 168 72 94 185 67 154 165 65 176 0 162 
98 0 123 168 150 66 196 150 98 143 157 53 191 122 80 216 8 151 
0 37 169 86 197 83 117 201 115 96 207 129 138 200 117 134 0 119 
102 0 163 171 121 75 192 126 97 147 134 56 182 93 84 222 19 157 
134 0 152 175 92 57 218 99 118 194 120 77 199 77 100 235 37 152 
156 0 163 179 71 55 219 75 100 151 116 34 182 90 61 236 37 196 
86 0 143 141 141 47 194 150 99 148 175 78 190 146 106 202 2 135 
0 29 139 111 208 92 147 203 139 152 199 156 177 173 183 156 9 72 
137 0 119 195 117 86 220 109 148 196 120 76 206 72 115 245 55 142 
159 43 106 158 89 48 202 91 87 136 126 41 174 104 64 226 16 174 
122 0 132 195 114 99 221 95 138 170 120 50 195 84 79 235 47 172 
188 0 227 201 2 121 219 11 149 220 44 96 202 53 154 237 37 207 
156 0 101 206 134 92 226 121 171 230 114 121 213 49 158 251 76 124 
166 0 178 180 62 60 217 74 102 173 107 44 190 69 73 233 36 194 
168 67 51 189 82 67 224 88 117 190 110 61 202 65 94 240 43 174 
100 0 224 122 96 33 174 124 57 115 168 54 161 152 61 193 3 191 
9 15 169 89 170 54 134 182 81 106 205 116 150 196 122 141 0 115 
110 0 194 168 109 47 208 117 89 151 148 48 187 116 72 222 14 174 
180 19 226 153 54 44 191 66 64 114 105 20 153 82 35 218 39 231 
82 7 224 113 122 32 163 140 53 90 181 64 142 176 63 168 0 179 
144 0 183 171 100 51 207 106 87 147 141 43 184 109 66 223 19 183 
130 0 184 153 103 44 196 111 81 142 140 46 179 112 68 209 9 178 
109 0 219 107 112 37 155 130 58 88 159 62 138 154 65 168 0 177 
51 0 209 113 144 34 163 159 64 99 191 71 153 177 74 171 0 155 
142 0 157 191 127 80 217 119 132 183 136 72 206 94 109 236 34 148 
19 0 132 134 202 93 167 194 142 160 198 137 185 171 156 172 5 90 
135 0 138 186 147 82 214 138 137 186 154 86 209 113 121 229 30 131 
170 15 213 138 68 42 177 85 59 102 121 34 142 109 43 201 19 212 
86 0 223 108 136 28 158 155 53 84 188 63 141 182 62 163 0 168 
146 0 134 186 113 69 216 108 109 162 134 50 194 100 81 234 32 167 
31 0 123 138 201 106 162 189 150 157 193 140 180 168 161 173 10 88 
75 0 203 97 155 44 144 166 67 84 193 85 136 188 81 153 0 153 
132 0 129 184 140 80 213 131 130 182 152 78 203 111 113 228 27 138 
137 0 124 189 137 83 216 128 132 184 146 78 204 107 111 231 32 141 
167 0 160 188 97 62 219 95 101 161 126 41 189 89 68 232 37 186 
