1 46 101 80 151 40 116 145 42 86 126 37 111 92 25 136 0 104 
1 43 105 75 147 40 108 144 40 79 122 35 102 93 23 130 0 106 
3 43 103 76 145 41 108 141 42 81 119 36 103 90 24 131 0 107 
1 44 104 75 147 40 107 143 41 81 122 36 102 91 24 130 0 106 
7 25 112 60 130 38 90 130 35 64 102 34 85 79 23 116 0 121 
13 17 115 57 120 38 84 121 33 60 94 36 77 68 26 113 0 131 
10 20 114 57 125 37 86 122 33 62 97 34 81 72 23 115 0 130 
12 20 114 55 123 38 84 123 33 61 97 35 80 69 25 113 0 129 
13 20 113 56 122 38 85 122 34 63 97 37 79 70 25 113 0 129 
12 20 115 55 124 38 84 123 34 62 97 37 78 71 24 112 0 130 
11 20 115 56 124 38 84 124 34 60 95 35 79 72 24 112 0 129 
11 20 114 56 125 38 84 124 34 61 97 36 80 72 24 113 0 128 
11 18 115 55 123 38 83 123 34 60 97 34 78 71 23 111 0 129 
12 19 115 56 125 39 83 123 34 64 100 38 78 72 26 112 0 128 
11 18 117 54 123 39 80 122 34 60 96 37 77 71 24 110 0 129 
10 20 115 54 124 38 82 124 33 61 100 35 77 74 22 113 0 129 
11 20 114 56 123 37 84 123 34 63 99 38 77 71 25 112 0 129 
10 19 116 54 125 39 80 123 34 59 95 37 77 71 25 112 0 129 
11 20 115 55 126 39 83 124 35 61 99 38 78 73 24 112 0 128 
9 20 114 54 125 37 82 124 33 59 98 35 76 72 23 112 0 129 
11 20 117 55 123 37 83 123 33 61 98 38 76 72 25 111 0 130 
10 20 115 54 126 38 83 125 33 60 99 36 78 73 24 111 0 127 
10 18 117 53 124 38 80 123 34 61 98 38 77 72 25 110 0 129 
11 19 115 54 123 38 83 123 35 58 95 36 76 73 25 110 0 130 
10 17 116 53 122 38 81 122 33 58 96 37 77 73 24 111 0 128 
10 19 116 55 125 38 83 124 34 60 98 37 78 72 25 111 0 130 
11 19 115 54 123 38 83 123 33 60 96 35 78 73 23 111 0 129 
12 16 118 53 121 38 81 122 35 58 93 37 75 70 26 110 0 131 
11 19 116 53 123 38 83 122 33 60 95 36 77 71 23 111 0 130 
11 19 116 54 122 39 81 124 34 60 99 38 77 74 24 111 0 129 
10 19 116 53 123 38 82 123 34 57 98 37 77 73 25 109 0 130 
11 18 116 55 122 39 82 122 34 58 93 35 76 71 25 110 0 130 
11 17 117 51 121 39 80 122 35 58 95 38 75 72 25 110 0 131 
11 18 117 53 123 38 82 124 34 60 99 38 75 72 24 110 0 130 
12 18 116 54 124 39 82 122 35 57 93 36 76 71 25 111 0 130 
11 19 117 53 122 39 81 123 35 57 96 37 74 71 24 108 0 130 
10 19 118 53 124 39 81 123 34 61 100 40 75 73 25 110 0 129 
11 18 118 51 123 40 80 123 35 56 94 36 75 73 25 109 0 129 
11 17 119 51 123 38 79 123 34 55 95 38 74 73 25 108 0 129 
11 18 117 55 123 38 83 123 32 60 96 35 77 72 24 111 0 130 
12 18 118 52 123 39 80 123 34 58 97 38 74 73 26 109 0 130 
11 20 116 55 124 37 83 124 33 61 99 36 77 73 24 110 0 129 
12 18 118 52 121 39 80 120 35 57 93 37 74 72 26 111 0 131 
11 19 117 53 124 39 80 122 34 59 97 38 75 72 25 111 0 130 
12 19 117 53 122 37 80 123 33 59 97 38 75 73 26 110 0 129 
11 19 117 53 123 39 80 124 35 57 97 37 76 73 24 110 0 129 
28 15 92 52 117 37 75 105 32 57 71 36 77 50 30 113 0 138 
29 15 92 54 118 37 74 106 32 59 72 35 78 50 30 113 0 137 
28 16 92 55 118 36 77 107 30 61 74 35 78 50 29 114 0 137 
31 16 90 57 114 37 78 103 31 60 71 35 79 49 30 117 0 139 
73 0 90 66 6 65 85 7 58 48 67 41 63 67 27 113 0 161 
58 7 77 92 28 43 120 31 41 73 108 34 90 104 23 134 0 152 
70 12 67 92 23 46 108 28 41 57 99 36 86 99 23 131 0 156 
50 12 78 77 37 40 102 27 41 59 89 36 81 85 24 129 0 148 
69 7 71 89 19 50 111 11 51 63 80 34 86 73 23 134 0 160 
56 16 69 93 31 41 109 28 41 57 98 35 87 93 22 134 0 148 
54 21 65 94 33 40 116 26 42 70 100 32 95 93 21 141 0 144 
57 19 66 81 28 44 100 22 43 51 98 38 91 76 23 138 0 147 
52 14 71 96 33 38 115 25 41 68 94 32 91 82 21 140 0 145 
48 24 67 100 39 37 117 34 39 77 97 32 108 78 25 146 0 138 
54 27 64 102 29 42 118 8 55 94 50 32 120 28 41 151 0 144 
30 32 75 102 54 32 120 44 34 84 98 33 116 76 27 150 0 125 
39 24 72 107 45 34 120 15 48 99 43 31 123 37 38 153 0 136 
46 19 72 120 39 40 144 40 41 83 118 34 106 105 24 155 0 142 
52 25 64 113 36 39 136 32 44 86 95 30 112 79 25 151 0 144 
54 19 73 118 28 47 133 29 47 86 98 34 101 97 26 155 0 147 
52 17 72 106 25 45 122 28 45 76 87 33 105 69 27 150 0 148 
38 28 69 115 49 34 131 49 33 81 110 27 117 81 20 151 0 131 
44 16 74 106 39 37 118 38 38 67 104 35 98 95 24 145 0 140 
50 20 70 104 30 42 116 30 41 71 81 31 101 59 25 148 0 139 
43 23 65 109 37 39 123 34 39 75 91 29 114 55 30 156 0 143 
48 23 68 103 39 38 124 31 40 72 86 31 108 59 27 153 0 143 
33 28 76 105 52 33 124 49 35 72 114 36 108 70 25 148 0 128 
43 14 84 93 36 40 114 26 43 63 90 35 91 73 24 139 0 136 
48 21 69 103 29 42 121 19 48 70 72 33 91 49 30 147 0 142 
39 26 69 107 38 37 125 34 39 74 98 30 106 79 23 153 0 133 
45 31 63 116 39 39 133 42 37 81 104 32 109 74 23 158 0 136 
39 26 67 120 39 39 139 43 39 92 112 29 115 91 22 161 0 137 
43 29 66 115 38 39 138 33 44 97 93 28 119 73 28 159 0 136 
42 10 82 92 37 37 117 23 44 71 86 30 91 56 25 140 0 135 
49 22 69 106 31 41 124 33 39 73 100 32 104 71 24 154 0 139 
50 32 59 106 29 44 125 26 44 78 84 29 104 49 30 152 0 141 
46 29 66 114 32 42 132 33 42 80 95 30 107 65 27 157 0 139 
45 28 64 119 33 43 136 32 43 81 97 31 102 74 22 158 0 139 
48 24 66 116 27 44 137 16 51 88 72 30 102 45 30 155 0 145 
40 29 68 112 37 39 131 34 40 79 92 29 103 68 24 159 0 136 
37 32 72 112 40 39 134 33 45 80 102 34 103 78 25 155 0 130 
57 22 65 120 22 48 139 17 53 80 76 29 100 60 28 161 0 155 
34 32 70 120 44 35 137 41 37 71 114 33 100 92 21 159 0 132 
43 20 71 106 37 37 128 33 40 82 89 28 109 50 29 158 0 134 
30 15 60 110 26 25 132 19 29 68 83 14 97 50 12 157 0 137 
51 16 69 103 25 44 123 25 43 72 78 30 92 37 31 145 0 153 
53 9 78 91 26 42 110 24 40 62 78 36 81 54 28 146 0 150 
59 8 79 99 19 49 121 12 53 72 55 32 81 39 32 140 0 158 
57 12 72 104 18 48 124 17 49 76 67 33 93 44 31 147 0 156 
52 14 72 102 23 46 112 29 41 59 95 36 89 73 24 149 0 149 
52 13 78 105 20 47 129 11 56 79 61 33 85 43 32 148 0 151 
34 33 71 117 46 35 136 45 37 77 114 33 94 98 22 156 0 127 
37 27 65 114 43 33 141 47 36 81 114 31 96 97 20 154 0 135 
42 26 66 115 41 38 135 45 38 76 118 34 102 96 20 157 0 139 
32 51 127 76 120 32 102 108 29 84 126 38 86 78 23 143 0 131 
29 32 117 53 112 33 79 101 26 59 112 36 61 77 25 121 0 137 
39 26 115 51 100 36 75 91 31 56 104 42 56 74 32 120 0 144 
30 40 124 62 118 34 88 109 29 66 117 38 71 84 25 131 0 130 
26 40 123 59 120 34 86 110 29 68 125 38 69 87 22 131 0 128 
25 72 142 92 137 26 119 123 24 97 139 31 101 87 15 159 0 121 
29 53 130 70 122 31 95 110 28 77 127 39 79 85 24 141 0 132 
46 51 128 79 107 30 104 96 29 86 109 34 84 67 26 148 0 147 
58 54 128 90 98 27 118 88 27 97 105 27 94 60 25 156 0 158 
64 42 124 76 87 38 99 78 39 82 92 44 78 62 43 150 0 155 
47 67 133 106 113 11 136 99 9 111 119 11 112 62 5 174 0 140 
48 32 118 59 99 40 83 93 36 63 107 45 64 81 36 125 0 150 
48 16 107 43 87 40 68 83 32 46 92 42 45 73 38 114 0 157 
54 38 117 71 93 27 98 84 25 76 98 28 72 59 25 139 0 158 
67 37 119 82 81 29 107 74 27 86 88 28 79 49 29 143 0 168 
65 42 121 84 85 29 109 76 27 91 94 30 82 53 28 147 0 166 
69 42 123 88 80 31 113 75 30 90 93 28 85 56 29 154 0 164 
32 37 123 58 118 33 88 114 27 66 133 40 69 97 21 127 0 137 
42 38 124 59 105 42 85 102 38 64 117 49 65 92 37 124 0 142 
42 53 132 75 114 35 103 104 32 84 122 41 80 81 27 138 0 145 
33 48 129 67 119 31 97 113 28 75 131 41 78 94 23 137 0 137 
43 45 126 70 105 29 97 98 26 76 118 37 73 78 25 135 0 149 
42 38 121 64 104 32 93 98 28 71 116 36 70 81 24 129 0 150 
43 34 119 61 101 33 85 97 29 69 115 40 65 79 29 124 0 150 
49 34 118 65 97 33 91 91 28 69 108 36 66 75 27 127 0 157 
55 30 114 62 88 33 87 85 26 67 102 36 63 69 29 123 0 163 
51 28 114 60 88 30 87 82 27 65 100 30 61 68 25 126 0 163 
53 29 114 60 89 33 87 85 27 66 105 35 62 72 28 124 0 162 
54 28 113 59 90 33 84 83 29 64 98 35 59 66 31 120 0 164 
44 47 126 74 104 29 101 98 27 79 115 33 79 79 24 136 0 149 
39 45 126 69 111 30 97 105 28 77 123 36 76 84 23 133 0 145 
41 44 126 68 107 31 95 102 28 75 121 37 73 84 23 133 0 145 
44 34 119 60 101 32 88 94 27 68 112 37 66 78 27 127 0 151 
40 43 125 68 109 30 95 102 26 75 122 38 74 85 24 133 0 144 
42 41 123 65 107 31 94 101 28 69 115 35 71 82 25 132 0 149 
43 40 122 65 103 31 92 97 27 71 115 36 71 80 26 131 0 149 
41 40 122 66 106 32 92 100 28 72 117 36 72 82 24 131 0 148 
37 42 125 63 110 35 92 103 30 71 122 39 72 90 27 131 0 141 
26 49 132 62 125 34 93 120 30 69 137 42 77 105 24 132 0 126 
27 51 133 65 125 35 93 118 32 71 136 44 76 103 24 132 0 127 
36 43 126 63 110 33 92 106 29 73 126 41 71 91 24 130 0 138 
36 42 124 62 110 33 91 105 28 72 125 40 73 90 25 130 0 140 
35 42 125 63 112 33 91 107 29 71 126 41 73 90 25 128 0 139 
32 47 127 64 117 34 92 110 29 69 126 38 73 94 24 130 0 138 
35 47 128 65 113 32 94 107 29 76 129 41 75 92 25 131 0 138 
35 45 127 65 112 33 94 106 28 73 125 38 74 89 24 132 0 139 
37 44 126 63 112 34 92 106 29 67 119 37 72 91 25 128 0 139 
35 42 123 62 110 31 88 104 27 68 121 34 71 88 23 129 0 142 
40 44 126 66 108 33 94 102 30 72 120 37 71 86 25 129 0 144 
38 52 132 73 115 32 99 107 29 80 127 38 82 91 25 137 0 138 
37 35 67 89 0 88 127 172 67 110 156 54 143 142 48 154 0 136 
66 34 52 89 0 96 121 178 71 111 161 55 134 162 56 156 0 163 
66 32 55 86 0 97 118 176 71 109 162 56 130 165 57 155 0 163 
66 31 55 84 0 97 117 179 71 105 161 56 130 165 56 154 0 164 
65 34 53 88 0 95 119 179 69 108 160 54 131 165 56 154 0 163 
66 32 53 85 0 95 117 177 70 107 161 55 130 164 55 153 0 164 
64 32 53 84 0 93 117 180 72 105 163 56 131 167 56 154 0 163 
66 32 53 85 0 93 117 179 71 108 163 56 131 165 56 155 0 164 
65 32 53 84 0 93 117 178 71 105 161 56 129 165 55 153 0 164 
65 36 51 90 0 91 122 179 71 110 160 53 134 163 56 157 0 163 
64 33 53 84 0 91 119 179 72 110 163 57 130 165 57 154 0 161 
64 31 54 83 0 90 116 180 71 104 161 54 129 166 56 152 0 164 
63 35 53 87 0 90 120 181 73 110 164 56 133 166 56 156 0 161 
63 35 52 87 0 90 119 179 72 109 163 54 133 166 56 156 0 162 
64 33 53 85 0 91 118 178 73 108 161 56 131 165 56 154 0 163 
63 35 52 86 0 89 120 181 72 109 163 54 133 165 56 155 0 162 
64 34 53 87 0 91 120 178 72 110 163 56 130 165 56 155 0 163 
63 34 53 85 0 90 119 180 73 108 163 57 131 166 57 154 0 162 
64 35 52 88 0 90 120 180 73 110 162 56 133 166 57 156 0 162 
66 34 51 86 0 91 120 178 71 110 159 54 131 163 55 155 0 163 
64 34 53 85 0 90 119 180 73 106 162 56 131 166 57 153 0 162 
66 35 53 88 0 90 119 179 72 110 164 57 132 165 57 155 0 162 
65 34 52 86 0 90 118 181 72 109 162 56 131 164 56 155 0 163 
65 34 53 84 0 90 117 181 72 104 160 54 130 164 57 154 0 162 
63 33 53 85 0 88 118 181 73 108 164 58 131 167 58 154 0 162 
65 34 53 85 0 90 118 179 73 108 163 57 132 165 56 154 0 163 
63 34 52 85 0 89 118 181 73 107 162 56 130 166 56 155 0 163 
64 34 53 85 0 87 119 180 72 106 161 55 130 165 57 153 0 162 
63 34 53 85 0 88 117 181 73 105 161 55 132 166 58 154 0 161 
64 33 53 85 0 88 118 181 73 106 162 55 131 166 57 154 0 162 
63 34 53 84 0 88 117 181 74 109 162 58 132 164 58 153 0 161 
63 34 53 85 0 88 119 180 72 108 163 57 130 166 56 154 0 163 
63 33 53 84 0 88 118 180 74 106 163 57 130 167 57 153 0 162 
64 34 53 85 0 89 118 180 74 108 164 58 132 166 57 153 0 162 
63 35 52 85 0 88 118 180 73 109 164 57 132 167 57 155 0 162 
63 34 128 84 0 87 118 181 72 108 164 56 132 168 57 155 0 162 
61 34 128 82 0 87 117 182 74 107 164 57 131 167 57 153 0 161 
61 35 129 84 0 87 119 180 73 108 164 55 131 167 57 153 0 162 
61 35 130 85 0 87 119 180 72 109 162 55 131 165 57 154 0 162 
61 33 129 81 0 85 116 182 74 106 164 57 129 166 58 151 0 160 
63 34 130 82 0 87 117 180 74 107 163 56 130 166 57 156 0 161 
62 35 130 83 0 87 118 182 73 109 164 58 131 167 57 155 0 162 
62 35 130 82 0 86 118 181 73 106 162 56 130 167 58 154 0 161 
62 35 130 83 0 87 118 181 74 106 160 55 131 167 58 155 0 161 
61 34 129 82 0 86 118 181 74 107 162 56 131 166 57 156 0 162 
62 36 131 83 0 87 117 181 74 108 162 55 132 166 56 155 0 160 
58 34 130 83 0 83 120 184 76 108 165 56 134 169 58 155 0 159 
62 35 130 83 0 87 118 180 75 109 163 56 131 166 57 155 0 163 
61 35 130 83 0 86 117 180 74 110 164 58 132 167 58 155 0 161 
62 34 130 81 0 86 116 182 74 107 163 56 131 168 57 154 0 162 
38 9 88 93 0 120 131 51 33 76 186 85 83 157 41 137 0 140 
37 21 78 102 0 121 131 67 29 80 189 94 88 167 48 143 0 133 
47 12 82 93 0 138 124 53 35 70 178 86 76 151 43 138 0 143 
48 15 72 100 0 125 128 60 31 71 186 85 81 157 39 140 0 144 
50 9 83 87 0 127 116 57 32 66 179 92 72 157 47 135 0 141 
46 18 75 102 0 120 131 61 33 76 183 85 84 157 40 145 0 140 
42 21 74 104 0 98 132 67 31 78 185 86 86 159 43 145 0 136 
41 20 73 101 0 94 131 68 30 79 189 88 85 162 44 144 0 135 
42 8 88 93 0 138 134 53 36 79 184 86 77 152 40 140 0 138 
42 13 82 97 0 111 132 56 33 78 183 85 81 152 41 142 0 139 
39 12 84 92 0 99 130 62 32 80 188 90 81 156 41 141 0 133 
37 13 84 99 0 100 127 66 30 77 190 94 83 160 43 141 0 133 
38 15 81 98 0 93 129 66 30 79 192 93 83 159 42 142 0 132 
26 19 92 107 0 128 146 68 36 96 191 92 93 162 47 148 0 125 
28 22 86 96 0 106 144 70 33 95 193 92 92 162 44 146 0 125 
29 21 87 105 0 102 142 74 32 94 195 96 93 166 51 148 0 124 
27 20 89 104 0 88 137 75 32 89 192 98 91 168 50 144 0 121 
25 22 88 93 0 84 135 78 29 87 196 98 88 170 49 144 0 119 
23 15 97 90 0 118 129 70 30 84 191 98 84 162 45 141 0 123 
28 14 95 115 0 119 134 66 31 82 190 93 84 159 42 143 0 124 
23 17 97 97 0 119 137 72 31 87 195 95 87 159 44 143 0 120 
21 17 103 99 0 128 136 71 33 91 197 98 85 161 45 141 0 121 
18 20 103 90 0 114 134 77 31 90 195 101 83 163 47 140 0 118 
17 21 104 82 0 101 132 82 29 87 195 103 82 166 48 141 0 117 
20 17 102 96 0 107 135 78 31 88 194 102 81 163 48 139 0 117 
17 19 101 99 0 101 137 81 31 91 197 101 83 165 46 140 0 118 
18 20 99 101 0 104 134 76 30 85 194 99 80 159 40 142 0 121 
20 22 91 94 0 93 137 72 29 87 190 90 84 149 38 142 0 123 
24 16 99 110 0 111 135 68 32 82 190 95 78 151 41 141 0 122 
37 14 89 95 0 120 130 57 36 76 180 84 74 139 37 138 0 132 
25 15 87 99 0 125 131 54 29 83 192 85 82 136 28 147 0 130 
48 5 83 101 0 117 130 41 37 67 174 70 76 124 24 143 0 147 
68 0 90 92 0 126 118 29 42 54 156 68 66 110 26 137 0 156 
33 28 78 106 0 153 142 27 46 88 171 64 90 106 21 150 0 139 
21 28 89 110 0 130 138 47 37 72 118 36 93 89 21 152 0 128 
19 23 90 101 0 117 136 49 36 75 124 38 90 100 23 146 0 127 
25 13 98 94 0 107 125 48 32 65 122 40 82 103 21 140 0 128 
36 8 100 84 0 121 118 40 39 60 108 42 80 96 25 134 0 141 
28 15 94 99 0 124 131 45 35 71 122 38 88 104 22 144 0 132 
12 22 104 98 0 98 130 66 29 70 140 45 89 125 25 145 0 113 
18 17 104 86 0 104 125 57 30 66 135 44 83 119 26 138 0 120 
27 23 86 105 0 114 138 50 35 80 129 41 95 110 24 150 0 128 
33 21 79 104 0 107 134 53 34 76 154 55 93 115 25 149 0 133 
37 22 77 113 0 108 140 50 39 81 149 51 97 115 26 153 0 133 
23 21 92 109 0 112 136 46 37 76 149 48 96 123 23 153 0 125 
46 32 65 116 0 117 147 65 38 110 195 96 115 184 68 153 0 146 
38 17 78 117 0 113 132 69 29 96 199 106 106 194 75 147 0 139 
46 7 79 97 0 134 128 54 31 86 195 101 94 190 70 145 0 141 
51 10 80 99 0 131 129 53 35 85 193 103 92 190 71 142 0 145 
43 13 78 108 0 126 135 60 33 92 198 103 100 191 68 145 0 140 
45 10 82 80 0 97 87 173 66 73 193 119 102 189 78 123 0 142 
38 16 83 85 0 90 91 177 74 81 199 124 106 192 82 121 0 136 
31 28 70 103 0 80 109 187 72 99 211 124 126 195 76 136 0 128 
44 21 70 99 0 94 101 177 65 90 203 114 116 189 70 135 0 139 
41 25 72 101 0 90 103 179 68 95 203 118 119 187 73 135 0 135 
25 32 74 104 0 73 108 192 80 101 209 130 129 197 85 137 0 121 
32 28 74 103 0 82 105 185 75 97 206 125 124 192 82 136 0 127 
40 26 72 102 0 89 106 178 69 93 202 117 120 190 74 135 0 136 
39 25 69 104 0 89 107 180 68 97 204 115 122 188 73 136 0 136 
38 36 66 112 0 88 117 180 72 106 203 117 131 186 71 141 0 132 
37 30 73 100 0 88 106 179 71 95 198 116 120 185 76 133 0 134 
27 44 76 112 0 77 114 186 87 106 199 128 134 188 86 140 0 121 
11 29 90 94 0 61 98 199 93 92 209 143 123 206 97 120 0 109 
12 19 106 76 0 60 79 194 99 79 204 154 108 208 106 109 0 107 
6 10 115 60 2 57 65 203 101 66 207 158 99 215 110 98 0 101 
20 31 94 85 2 67 94 188 91 90 200 137 117 195 93 122 0 115 
28 37 77 101 0 73 109 185 78 102 203 124 129 189 80 139 0 123 
31 42 70 110 0 74 117 185 76 114 206 120 135 182 76 148 0 125 
34 44 63 114 0 79 121 180 73 114 198 111 139 176 71 154 0 131 
33 48 60 119 0 76 124 179 72 121 204 114 143 175 70 158 0 131 
38 45 61 116 0 83 121 174 70 114 195 107 137 171 68 157 0 135 
39 48 56 121 0 83 127 175 68 117 193 103 142 169 65 161 0 137 
38 48 57 121 0 83 127 174 69 119 196 104 141 168 66 160 0 137 
36 48 59 119 0 79 127 178 68 120 200 106 142 171 68 160 0 133 
38 48 57 119 0 83 126 176 69 120 196 107 141 170 66 161 0 137 
40 46 66 111 0 84 119 172 73 112 192 110 135 170 72 156 0 135 
20 59 60 126 0 64 133 195 81 130 209 119 155 180 77 163 0 116 
34 51 63 122 0 79 124 176 76 119 195 111 142 171 72 161 0 131 
34 53 61 125 0 79 128 178 74 120 198 110 145 172 71 161 0 129 
35 41 67 112 0 80 115 179 72 109 200 112 133 178 69 148 0 131 
43 34 63 108 0 91 111 172 64 104 196 101 127 172 62 146 0 141 
32 47 61 121 0 80 124 181 70 116 197 105 144 174 68 159 0 129 
37 44 63 118 0 85 120 177 67 114 198 105 136 171 65 157 0 132 
37 45 60 119 0 85 123 174 68 115 195 103 139 168 65 158 0 133 
22 46 66 119 0 74 125 185 75 116 201 110 144 179 71 157 0 120 
33 45 68 116 0 84 121 177 70 115 195 107 137 170 68 154 0 128 
31 45 65 117 0 83 122 178 70 118 198 107 139 172 67 157 0 127 
31 46 65 119 0 85 122 175 68 118 196 104 140 169 65 157 0 128 
28 41 73 113 0 83 119 177 73 114 197 109 136 174 69 155 0 126 
31 36 73 107 0 88 113 174 68 105 194 104 128 173 66 146 0 130 
22 35 76 107 0 78 112 184 70 107 204 113 131 182 70 147 0 122 
19 35 77 104 0 76 111 185 73 105 201 113 132 183 72 144 0 119 
31 30 79 101 0 89 106 175 69 99 198 109 122 180 68 141 0 128 
15 19 91 82 0 78 89 188 75 83 205 119 114 195 75 124 0 117 
19 23 97 83 0 83 89 185 77 86 201 121 112 192 78 123 0 118 
17 24 94 86 0 81 93 186 77 87 203 121 114 194 78 124 0 117 
14 35 91 95 0 80 104 186 81 98 201 121 124 189 79 132 0 113 
23 28 86 98 0 89 101 179 71 95 201 113 118 184 71 135 0 125 
22 38 79 107 0 88 112 181 72 105 201 113 130 181 72 143 0 122 
16 24 101 83 0 82 88 185 82 84 200 126 111 193 83 119 0 114 
57 58 44 73 0 107 116 0 79 86 177 74 125 158 48 161 0 152 
59 53 46 69 0 110 109 0 80 79 177 75 118 154 45 157 0 155 
61 53 45 68 0 112 108 0 80 78 175 74 118 157 45 156 0 155 
62 59 44 73 0 111 112 0 82 85 173 72 121 151 46 162 0 156 
59 57 43 73 0 108 115 0 78 83 176 73 121 156 45 162 0 154 
60 56 44 71 0 109 111 0 78 82 175 74 121 156 46 160 0 154 
59 55 45 70 0 107 110 0 77 81 175 76 120 157 46 158 0 153 
57 56 45 70 0 105 112 0 76 84 179 78 120 157 47 158 0 151 
59 54 45 69 0 108 109 0 76 80 176 75 119 159 47 159 0 155 
61 53 45 69 0 110 109 0 79 79 174 75 118 156 46 158 0 156 
61 55 45 70 0 109 110 0 79 79 174 75 118 155 45 158 0 155 
61 54 45 69 0 110 111 0 79 79 174 75 118 157 46 158 0 155 
61 58 43 72 0 109 112 0 79 84 177 75 121 154 45 161 0 156 
60 54 45 71 0 109 112 0 78 80 175 76 120 157 45 159 0 154 
60 54 45 69 0 110 110 0 78 79 175 77 117 157 47 158 0 152 
60 56 45 69 0 108 111 0 77 82 177 79 119 157 47 157 0 153 
59 54 46 68 0 108 108 0 76 76 174 75 118 158 47 157 0 153 
59 55 45 69 0 106 111 0 75 81 176 75 120 158 47 159 0 153 
58 53 46 66 0 107 107 0 76 75 173 75 118 158 48 157 0 153 
58 54 46 69 0 108 110 0 75 79 176 77 119 159 48 157 0 153 
59 54 45 70 0 108 109 0 77 77 174 75 118 158 47 156 0 153 
60 54 46 69 0 107 110 0 75 82 180 78 119 158 47 157 0 153 
59 54 46 68 0 107 111 0 77 80 175 77 119 157 47 157 0 153 
60 52 46 69 0 108 110 0 76 78 176 77 118 158 47 159 0 152 
58 55 45 69 0 106 110 0 74 84 180 78 120 158 47 157 0 152 
59 53 45 67 0 106 109 0 73 80 179 78 120 159 48 156 0 152 
60 53 46 66 0 107 109 0 76 81 180 79 118 158 48 156 0 154 
57 53 46 67 0 107 108 0 74 79 178 79 116 159 47 156 0 152 
59 53 46 67 0 106 108 0 75 78 177 79 118 158 48 156 0 153 
59 52 46 68 0 108 109 0 75 79 177 78 119 160 48 158 0 155 
59 53 46 67 0 107 109 0 75 79 177 77 118 158 48 155 0 153 
57 53 46 67 0 104 108 0 73 79 179 78 117 161 48 156 0 152 
57 54 47 67 0 106 110 0 74 81 179 78 120 159 49 157 0 151 
58 53 46 67 0 105 109 0 73 78 177 78 118 159 48 156 0 153 
58 52 46 66 0 107 108 0 75 78 177 79 118 160 48 156 0 155 
59 53 46 67 0 107 110 0 75 82 180 78 118 158 47 157 0 152 
58 52 45 66 0 107 109 0 75 79 179 78 119 159 46 157 0 153 
59 53 46 68 0 107 110 0 74 80 178 79 119 159 48 157 0 152 
58 52 45 65 0 107 108 0 74 78 176 79 118 160 48 157 0 153 
58 53 46 67 0 107 109 0 75 79 177 79 118 159 49 156 0 152 
57 54 46 67 0 104 110 0 72 82 180 78 117 159 48 156 0 153 
58 53 46 65 0 106 108 0 74 80 178 78 118 160 48 155 0 152 
59 54 46 68 0 106 109 0 74 81 178 79 117 159 48 156 0 152 
57 52 46 65 0 105 108 0 73 78 176 77 117 160 48 155 0 151 
59 52 47 64 0 107 107 0 74 80 177 79 117 159 47 155 0 153 
58 52 47 65 0 106 109 0 72 78 179 79 117 162 49 156 0 151 
57 50 47 63 0 106 107 0 72 78 178 80 116 161 48 152 0 152 
60 53 46 66 0 108 108 0 75 78 176 79 116 158 47 156 0 153 
58 52 47 65 0 105 108 0 73 78 178 78 117 159 48 155 0 152 
58 52 47 64 0 106 108 0 72 81 180 80 117 159 48 156 0 151 
21 45 71 79 0 123 138 0 119 101 138 40 117 74 26 148 0 112 
16 46 73 72 0 122 130 0 119 100 143 41 112 82 23 143 0 107 
22 44 71 84 0 118 138 0 110 97 142 38 112 75 22 148 0 115 
19 43 73 76 0 109 132 0 98 93 143 41 109 72 22 146 0 108 
25 31 83 77 0 149 126 0 122 89 136 41 102 67 26 139 0 113 
22 42 79 66 0 129 125 0 136 96 133 43 106 75 26 141 0 110 
17 55 69 82 0 102 138 0 108 101 149 42 120 81 22 150 0 101 
27 46 65 66 0 110 117 0 114 81 136 43 105 66 26 140 0 113 
18 30 76 60 0 119 108 0 109 73 151 47 91 82 23 130 0 106 
44 33 64 80 0 136 135 0 125 92 154 51 90 96 24 146 0 128 
42 19 70 64 0 119 122 0 104 73 161 57 76 86 23 135 0 131 
42 37 60 71 0 120 131 0 117 88 163 58 94 84 24 144 0 126 
43 32 63 83 0 121 134 0 116 87 156 53 96 78 24 145 0 129 
46 29 64 82 0 135 138 0 123 88 148 47 97 61 25 147 0 132 
52 50 52 92 0 139 148 0 134 109 146 47 113 53 30 156 0 136 
46 34 57 78 0 121 131 0 114 88 155 50 102 61 27 145 0 130 
50 29 62 75 0 125 129 0 114 83 151 48 96 60 25 145 0 133 
45 27 66 85 0 122 130 0 114 86 155 51 98 64 24 143 0 128 
31 37 65 66 0 113 147 0 105 103 169 58 102 85 21 147 0 116 
37 37 67 76 0 114 124 0 106 92 160 58 100 76 25 144 0 119 
36 31 68 78 0 118 133 0 114 86 137 38 104 61 27 144 0 126 
21 33 69 92 0 107 153 0 104 103 157 40 112 94 12 153 0 116 
30 32 69 83 0 100 133 0 100 93 144 42 113 66 27 149 0 116 
35 35 72 72 0 127 134 0 125 93 137 45 108 71 29 150 0 118 
37 24 70 79 0 150 137 0 139 88 130 35 101 65 25 144 0 127 
13 35 83 58 0 94 100 0 91 78 171 61 101 100 21 136 0 99 
15 60 76 103 0 96 163 0 92 119 160 55 135 95 28 165 0 101 
17 30 86 53 0 111 126 0 97 78 166 58 95 100 20 133 0 98 
32 27 75 67 0 142 132 0 133 90 147 41 94 87 21 144 0 121 
44 22 68 79 0 132 132 0 125 83 143 42 92 78 22 146 0 132 
32 42 67 97 0 135 151 0 120 100 148 46 107 86 24 154 0 121 
29 29 79 78 0 111 129 0 110 82 160 55 97 98 21 144 0 117 
22 40 72 99 0 139 154 0 123 105 151 42 110 90 20 153 0 117 
19 29 78 74 0 112 131 0 105 90 161 49 98 97 17 142 0 114 
32 28 76 77 0 117 111 0 104 82 155 52 91 91 22 143 0 122 
30 30 75 85 0 113 115 0 104 82 152 50 95 87 22 143 0 120 
27 30 76 84 0 122 136 0 109 91 154 48 97 89 21 147 0 118 
22 28 78 73 0 133 139 0 114 99 160 47 96 96 19 143 0 113 
25 32 79 56 0 121 116 0 123 90 159 57 90 92 26 135 0 117 
21 37 78 77 0 122 134 0 116 90 160 54 101 95 21 141 0 109 
21 38 72 88 0 104 144 0 102 95 170 49 109 101 17 149 0 111 
26 48 70 86 0 114 141 0 112 96 154 48 111 89 26 153 0 112 
30 31 76 73 0 118 126 0 112 79 151 52 98 85 23 140 0 114 
37 38 68 77 0 121 127 0 117 82 144 47 102 75 26 145 0 123 
25 33 78 55 0 102 120 0 105 80 160 59 93 94 23 136 0 110 
28 30 80 48 0 123 127 0 118 83 154 54 87 97 25 135 0 114 
17 35 89 56 0 133 139 0 114 97 161 56 99 111 27 139 0 104 
18 38 83 86 0 124 144 0 107 103 162 56 107 102 25 145 0 106 
6 51 83 89 0 115 149 0 117 108 142 42 109 116 24 153 0 96 
6 39 97 69 0 111 128 0 111 95 157 53 98 109 28 140 0 100 
38 34 65 73 0 111 119 0 82 80 188 100 91 168 52 131 0 128 
30 44 65 72 0 96 119 0 72 92 196 102 100 170 51 135 0 119 
30 35 71 59 0 101 112 0 75 77 190 102 89 173 56 125 0 121 
29 39 69 72 0 99 112 0 71 83 196 102 92 172 51 128 0 121 
22 33 69 69 0 91 91 0 62 75 198 101 87 180 53 124 0 115 
36 35 68 73 0 103 95 0 75 75 188 96 86 169 52 127 0 127 
37 43 64 72 0 105 108 0 81 82 186 93 90 164 50 131 0 130 
37 36 65 75 0 106 98 0 77 75 188 90 82 164 46 128 0 131 
30 43 66 82 0 94 102 0 67 85 196 98 92 171 50 132 0 121 
37 45 66 72 0 103 109 0 74 82 186 94 87 165 51 134 0 128 
29 45 63 64 0 93 117 0 72 85 190 85 89 169 47 136 0 127 
27 48 63 60 0 102 120 0 78 87 192 85 89 168 46 134 0 126 
30 54 64 68 0 104 123 0 83 92 184 83 92 162 45 136 0 127 
29 56 62 66 0 98 122 0 78 92 187 82 93 161 44 137 0 125 
33 52 63 66 0 104 120 0 83 88 182 81 89 159 46 136 0 128 
32 50 61 63 0 103 117 0 81 86 184 78 88 161 44 136 0 130 
31 51 63 63 0 105 120 0 80 89 186 84 90 163 45 134 0 126 
23 61 68 75 0 86 120 0 68 98 192 91 100 168 51 140 0 113 
26 52 64 69 0 95 116 0 72 86 188 84 93 167 45 133 0 121 
24 59 68 72 0 90 121 0 70 94 188 89 99 167 51 137 0 118 
24 51 63 68 0 92 117 0 67 88 192 85 93 170 45 136 0 120 
25 48 71 61 0 93 109 0 68 84 190 95 89 172 55 129 0 117 
30 58 65 71 0 93 118 0 74 91 183 85 96 162 49 138 0 121 
25 59 61 82 0 89 125 0 73 97 181 75 103 152 39 147 0 120 
27 59 62 82 0 92 127 0 75 100 183 76 102 152 39 147 0 123 
26 58 62 83 0 88 126 0 72 98 182 72 102 151 37 149 0 122 
28 58 60 81 0 92 125 0 76 98 179 75 100 149 38 147 0 123 
28 58 60 80 0 90 125 0 74 97 178 73 99 149 39 146 0 123 
28 59 60 82 0 90 126 0 75 101 184 75 101 151 37 148 0 125 
28 59 61 82 0 90 126 0 74 98 180 73 100 149 37 148 0 123 
29 57 61 80 0 90 124 0 74 97 179 73 98 149 37 147 0 124 
27 57 59 80 0 89 125 0 76 99 183 76 99 151 39 146 0 124 
31 58 61 81 0 89 124 0 75 96 178 71 100 148 35 147 0 126 
31 56 60 80 0 93 123 0 78 92 171 71 97 145 38 146 0 127 
26 58 64 71 0 84 126 0 72 99 188 78 98 159 41 141 0 117 
30 62 61 80 0 90 132 0 79 98 174 69 100 146 38 149 0 125 
31 62 61 83 0 91 132 0 81 104 178 75 102 148 39 150 0 123 
28 58 63 75 0 87 124 0 77 92 176 72 97 151 41 144 0 122 
29 62 62 78 0 86 132 0 75 101 180 74 101 151 39 147 0 123 
30 61 60 79 0 87 131 0 76 100 180 72 101 152 38 149 0 123 
32 70 59 93 0 85 142 0 76 110 179 73 110 149 38 155 0 123 
20 45 68 50 0 86 108 0 71 82 188 81 84 166 43 126 0 113 
13 57 71 70 0 74 118 0 60 98 194 86 98 169 45 137 0 108 
25 52 69 70 0 82 103 0 65 89 179 78 86 155 43 134 0 121 
27 50 69 69 0 84 103 0 67 87 177 77 85 155 44 135 0 123 
26 49 68 69 0 82 105 0 68 85 177 75 87 157 42 135 0 121 
30 47 67 68 0 84 106 0 70 84 176 73 86 157 41 135 0 124 
30 46 65 69 0 85 106 0 69 84 176 71 86 153 39 134 0 125 
28 48 66 70 0 83 107 0 68 85 178 73 88 155 40 134 0 123 
31 48 63 71 0 85 106 0 71 86 175 71 86 151 38 137 0 127 
34 0 200 84 0 132 118 0 95 121 183 79 145 165 65 164 0 147 
35 0 196 83 0 127 117 0 94 121 183 79 144 165 64 163 0 148 
35 0 196 83 0 126 118 0 91 119 182 78 144 166 66 164 0 145 
35 0 198 81 0 128 115 0 94 119 182 79 142 165 65 163 0 146 
35 0 198 83 0 128 115 0 93 120 186 79 143 166 66 164 0 146 
37 0 197 86 0 128 119 0 94 122 182 78 145 165 65 165 0 146 
36 0 197 82 0 129 117 0 95 119 183 80 143 166 66 163 0 147 
35 0 196 83 0 127 115 0 92 117 182 79 143 166 66 163 0 147 
37 0 196 82 0 125 117 0 91 117 182 79 142 164 66 162 0 145 
35 0 196 82 0 125 115 0 93 117 182 79 142 163 65 162 0 147 
36 0 196 82 0 126 117 0 93 119 182 79 143 164 65 162 0 145 
35 0 196 82 0 124 117 0 91 117 183 80 142 166 65 163 0 144 
34 0 195 82 0 123 116 0 90 119 184 80 142 166 66 162 0 145 
36 0 195 83 0 124 117 0 91 121 185 81 144 167 65 165 0 147 
37 0 194 86 0 123 120 0 91 122 185 80 145 167 64 165 0 145 
32 0 180 86 0 108 123 0 76 129 192 92 155 170 75 168 0 131 
33 0 193 81 0 123 115 0 89 118 183 81 144 166 67 163 0 142 
34 0 194 82 0 123 117 0 88 120 185 83 145 167 69 165 0 143 
34 0 193 82 0 117 119 0 85 121 188 82 146 170 68 163 0 141 
39 5 197 80 0 136 116 0 106 115 178 74 137 162 59 157 0 150 
26 13 205 51 0 146 90 0 111 96 176 70 115 167 53 142 0 154 
14 20 171 47 0 145 104 0 120 99 176 69 113 166 53 143 0 153 
17 16 203 51 0 142 105 0 107 100 180 70 118 166 51 144 0 153 
23 11 202 54 0 141 108 0 105 104 181 74 120 167 54 145 0 151 
24 10 201 55 0 138 105 0 104 101 179 73 119 167 54 145 0 151 
25 10 199 57 0 138 109 0 103 102 177 70 122 167 54 148 0 151 
25 9 200 55 0 139 106 0 103 102 179 73 119 165 54 145 0 152 
25 7 198 55 0 136 106 0 101 102 177 72 121 166 54 147 0 150 
24 9 200 54 0 136 104 0 101 102 180 75 119 168 55 145 0 150 
24 10 199 54 0 132 104 0 98 101 180 75 119 169 55 144 0 149 
20 9 196 56 0 134 105 0 99 101 180 73 119 169 54 147 0 150 
24 8 199 54 0 135 105 0 100 103 180 73 120 168 54 145 0 149 
25 8 198 54 0 133 105 0 99 102 181 76 121 168 56 146 0 150 
27 7 201 55 0 139 102 0 101 102 178 73 118 164 53 146 0 155 
26 5 197 54 0 136 102 0 96 100 180 75 119 169 55 147 0 150 
25 7 194 55 0 131 102 0 95 103 180 74 119 167 57 147 0 150 
24 7 197 52 0 132 101 0 94 103 183 77 119 170 56 145 0 149 
24 7 194 52 0 130 101 0 95 100 179 77 120 168 58 145 0 146 
25 3 194 56 0 127 104 0 90 105 185 79 122 171 57 145 0 147 
27 5 193 54 0 129 101 0 92 104 185 81 121 171 59 145 0 147 
26 3 192 54 0 127 101 0 90 101 182 80 120 173 59 146 0 146 
26 4 192 53 0 126 100 0 88 101 183 79 120 172 57 144 0 147 
26 4 192 54 0 127 100 0 88 100 183 79 120 173 58 145 0 149 
25 4 192 52 0 128 100 0 90 102 184 82 120 172 58 145 0 149 
27 3 191 53 0 125 101 0 88 103 185 79 120 172 57 145 0 147 
26 4 189 53 0 123 101 0 84 105 188 82 122 173 59 147 0 146 
28 2 192 54 0 126 101 0 88 102 184 78 121 171 56 145 0 149 
27 4 190 54 0 124 102 0 89 101 183 77 120 171 58 145 0 147 
27 3 192 53 0 124 99 0 87 101 184 80 117 173 58 145 0 148 
27 2 191 53 0 123 99 0 84 102 186 80 120 174 59 145 0 148 
20 9 119 91 0 169 144 0 129 111 177 72 115 143 37 144 0 136 
15 12 170 92 0 154 146 0 114 109 184 75 128 143 36 151 0 114 
1 19 152 74 0 157 126 0 127 102 169 59 123 122 30 143 0 118 
0 55 150 78 0 154 127 0 139 108 153 56 130 110 36 145 0 104 
11 9 178 93 0 156 148 0 126 113 173 68 136 122 39 157 0 107 
20 1 149 93 0 108 142 0 88 107 179 75 127 128 34 155 0 104 
22 0 144 102 0 101 154 0 74 110 187 81 122 139 35 155 0 106 
17 10 123 85 0 113 138 0 99 98 172 65 117 120 29 149 0 104 
6 24 146 92 0 148 140 0 122 111 160 60 128 100 33 149 0 106 
7 30 135 86 0 159 151 0 125 109 176 55 121 123 21 143 0 117 
23 8 114 85 0 126 141 0 106 103 166 54 122 111 24 145 0 112 
9 19 129 87 0 121 138 0 100 102 176 63 124 121 28 150 0 100 
17 2 120 88 0 135 140 0 117 116 178 71 134 120 32 151 0 104 
7 21 166 91 0 149 155 0 115 113 190 75 123 142 34 149 0 113 
2 26 149 84 0 135 138 0 106 101 188 78 117 141 33 144 0 104 
0 34 150 82 0 141 136 0 108 111 181 70 122 131 31 143 0 104 
1 22 139 88 0 121 155 0 83 118 193 93 113 146 36 145 0 103 
17 10 122 77 0 100 130 0 98 104 178 79 121 119 36 150 0 91 
0 22 126 79 0 141 133 0 115 100 171 71 122 112 37 148 0 98 
12 15 151 98 0 132 159 0 108 116 172 66 136 104 34 154 0 105 
2 20 157 87 0 150 144 0 112 105 173 59 126 106 26 148 0 109 
1 23 136 82 0 164 135 0 151 98 137 39 116 91 25 141 0 111 
20 12 118 92 0 104 139 0 99 111 157 75 129 116 47 157 2 105 
6 20 135 90 0 144 141 0 125 110 161 56 128 104 32 152 0 105 
0 55 134 71 0 134 120 0 118 92 157 51 119 109 27 139 0 99 
15 0 142 104 0 146 153 0 118 124 164 51 146 105 33 169 0 102 
21 3 118 90 0 113 142 0 91 100 177 65 118 124 28 151 0 103 
18 13 129 89 0 156 139 0 133 101 150 52 124 99 34 151 0 113 
0 0 106 84 0 122 137 0 95 118 200 92 134 168 52 150 0 87 
0 28 138 93 0 126 142 0 100 124 187 82 147 138 45 156 0 89 
26 9 119 93 0 115 131 0 79 107 190 90 119 143 38 150 0 98 
34 5 110 96 0 80 134 5 66 100 193 88 119 148 38 157 0 93 
10 12 117 99 0 141 154 0 119 130 174 73 148 117 43 159 0 94 
0 60 159 81 0 148 134 0 125 106 180 62 124 131 26 138 0 97 
0 43 167 85 0 154 139 0 127 116 184 72 129 147 40 149 0 99 
7 17 128 92 0 127 143 0 103 113 184 77 125 140 38 151 0 97 
0 49 157 77 0 144 127 0 113 98 178 70 121 136 35 144 0 94 
0 41 164 83 0 149 131 0 127 104 167 59 120 108 29 142 0 111 
8 24 140 101 0 127 157 0 109 135 185 70 151 126 35 153 0 105 
0 20 159 96 0 148 151 0 123 127 170 69 138 123 41 156 0 107 
15 21 171 98 0 152 146 0 128 120 169 69 136 128 40 152 0 108 
8 13 154 103 0 161 158 0 132 129 168 55 146 100 30 161 0 112 
2 19 171 92 0 161 146 0 133 117 165 61 136 102 33 154 0 108 
12 17 197 89 0 170 141 0 148 107 146 50 125 82 36 153 0 125 
16 34 146 92 0 159 137 0 132 112 164 64 132 107 41 148 0 105 
18 12 116 100 0 130 148 0 109 109 178 71 139 139 46 165 9 95 
0 47 128 90 0 117 144 0 103 117 184 58 151 127 31 156 0 82 
0 29 130 105 0 141 157 0 129 134 157 57 148 106 42 159 0 102 
0 29 140 89 0 139 144 0 127 113 168 58 134 125 34 151 0 96 
0 27 133 94 0 142 143 0 126 129 162 62 137 127 43 157 0 99 
0 45 150 84 0 118 127 0 90 102 186 85 100 153 42 138 0 117 
0 38 143 85 0 112 128 0 86 105 183 87 102 150 44 143 0 117 
3 35 140 90 0 113 132 0 86 104 183 84 104 149 42 146 0 117 
2 33 158 88 0 114 131 0 85 104 186 83 103 148 41 145 0 119 
0 38 179 86 0 108 130 0 82 104 189 88 102 153 43 143 0 112 
0 33 187 86 0 108 133 0 81 106 191 83 105 154 40 145 0 112 
1 31 169 90 0 106 134 0 80 102 187 82 105 158 41 148 0 112 
6 28 178 89 0 110 132 0 88 108 183 87 104 149 45 147 0 119 
12 22 191 98 0 115 146 0 91 110 185 87 108 156 42 150 0 135 
13 14 188 100 0 111 144 0 84 109 198 97 111 157 42 150 0 125 
8 17 187 84 0 113 129 0 88 97 196 87 101 153 35 146 0 135 
23 25 189 89 0 128 129 0 103 99 174 82 101 136 41 148 0 144 
14 19 187 80 0 123 117 0 97 91 183 87 96 141 39 144 0 139 
5 24 188 77 0 117 119 0 90 92 184 82 99 139 34 141 0 131 
6 20 178 83 0 109 124 0 85 99 189 84 105 140 35 148 0 127 
15 15 181 91 0 120 131 0 96 104 177 76 109 129 33 151 0 137 
17 13 176 90 0 113 130 0 90 103 182 78 108 136 34 151 0 133 
11 15 161 91 0 105 131 0 86 108 186 82 113 138 34 152 0 126 
0 24 160 80 0 94 123 0 72 101 196 92 110 154 40 145 0 112 
0 21 158 82 0 94 126 0 75 103 190 90 111 147 39 148 0 113 
6 20 164 81 0 104 127 0 83 104 186 85 109 143 38 147 0 119 
4 18 158 84 0 98 128 0 75 101 187 83 110 146 36 150 0 119 
9 16 173 79 0 111 122 0 89 98 182 77 102 136 33 145 0 129 
6 16 174 79 0 108 124 0 88 97 181 73 103 135 29 147 0 132 
15 13 177 80 0 121 125 0 102 98 170 65 101 121 28 147 0 142 
14 11 176 81 0 116 126 0 96 100 177 70 103 127 30 149 0 139 
13 11 176 81 0 115 125 0 95 98 176 68 101 127 29 148 0 138 
16 11 178 82 0 118 126 0 98 101 175 70 102 124 29 148 0 139 
15 11 177 82 0 117 127 0 96 101 175 71 104 128 31 147 0 140 
13 11 177 82 0 115 125 0 94 96 174 65 103 127 28 148 0 139 
15 10 178 84 0 118 126 0 97 99 174 68 101 125 29 149 0 140 
15 12 177 83 0 116 126 0 96 100 176 69 103 126 29 150 0 140 
11 15 182 76 0 114 121 0 94 94 175 70 98 130 31 144 0 137 
2 11 162 81 0 97 131 0 77 107 196 79 113 145 28 154 0 120 
3 17 160 82 0 96 127 0 78 103 189 80 111 144 33 148 0 118 
8 16 164 81 0 99 125 0 82 99 183 77 105 140 34 145 0 125 
7 21 164 76 0 98 121 0 80 97 182 84 105 145 40 145 0 120 
0 26 155 76 0 81 124 0 63 103 203 97 110 162 40 144 0 106 
0 22 164 76 0 82 127 0 66 105 197 93 115 154 39 153 0 110 
1 25 160 77 0 89 125 0 71 107 201 98 114 155 41 149 0 108 
0 28 171 68 0 98 118 0 75 94 194 90 104 152 36 140 0 114 
0 41 177 52 0 100 100 0 77 79 189 95 88 155 43 124 0 114 
0 45 177 48 0 102 96 0 79 76 188 94 83 152 42 120 0 117 
9 20 173 73 0 105 122 0 84 98 183 79 104 138 32 145 0 127 
11 13 167 81 0 104 132 0 84 108 185 81 114 137 36 155 0 123 
11 8 159 85 0 98 136 0 81 113 185 82 118 137 36 159 0 122 
16 6 157 91 0 97 140 0 81 114 184 82 123 139 38 164 0 120 
16 6 159 90 0 98 141 0 81 117 186 81 120 134 35 163 0 123 
20 6 163 92 0 98 140 0 76 112 187 78 121 142 35 164 0 123 
0 30 165 66 0 93 115 0 75 93 190 88 101 150 38 137 0 115 
85 98 32 62 0 123 100 0 113 124 0 101 110 0 96 147 0 145 
88 101 31 62 0 122 100 0 111 125 0 100 111 0 96 147 0 145 
87 100 33 61 0 122 100 0 111 124 0 97 111 0 95 146 0 145 
84 99 33 58 0 121 97 0 109 120 0 98 108 0 94 145 0 145 
87 100 32 61 0 121 98 0 108 118 0 95 110 0 94 145 0 143 
86 102 32 62 0 122 100 0 108 123 0 98 112 0 95 147 0 144 
87 101 33 59 0 121 98 0 109 121 0 97 111 0 95 146 0 143 
87 98 32 60 0 122 99 0 108 122 0 98 109 0 93 147 0 144 
87 102 32 60 0 120 99 0 107 121 0 96 109 0 93 146 0 144 
85 102 34 61 0 120 99 0 106 122 0 97 110 0 93 146 0 143 
85 101 32 60 0 119 99 0 105 121 0 95 109 0 94 146 0 143 
86 101 32 59 0 119 98 0 106 120 0 95 110 0 93 145 0 142 
86 101 32 60 0 119 98 0 106 119 0 97 109 0 92 146 0 143 
86 101 32 60 0 119 99 0 105 121 0 94 110 0 92 147 0 141 
86 100 33 59 0 120 98 0 106 120 0 96 109 0 93 145 0 142 
87 100 32 58 0 120 97 0 106 120 0 97 109 0 95 145 0 142 
85 100 34 60 0 118 97 0 104 120 0 98 107 0 93 145 0 143 
86 100 31 59 0 119 97 0 105 119 0 96 109 0 91 147 0 143 
87 102 33 57 0 118 96 0 106 118 0 97 108 0 94 145 0 142 
87 98 32 60 0 121 99 0 104 121 0 93 110 0 88 149 0 142 
85 107 31 52 0 110 91 0 106 117 0 102 105 0 105 140 0 142 
81 98 33 50 0 114 91 0 102 114 0 97 104 0 94 138 0 138 
84 101 33 52 0 115 92 0 106 116 0 101 104 0 98 140 0 142 
88 100 34 79 0 127 118 0 100 131 0 79 123 0 70 161 0 141 
92 109 33 66 0 117 106 0 105 127 0 95 118 0 98 154 0 146 
91 110 33 67 0 119 107 0 106 128 0 96 116 0 97 154 0 146 
91 108 31 66 0 118 106 0 106 128 0 94 118 0 94 153 0 145 
87 93 33 51 0 119 86 0 104 111 0 98 100 0 92 137 0 144 
99 73 33 44 0 122 79 0 105 94 0 93 81 0 90 124 0 158 
98 77 32 46 0 121 80 0 101 98 0 92 85 0 89 128 0 156 
95 77 33 45 0 119 79 0 102 97 0 93 85 0 89 127 0 154 
99 77 33 45 0 122 78 0 105 99 0 95 82 0 92 126 0 156 
97 76 33 44 0 122 79 0 105 96 0 92 82 0 91 127 0 156 
98 77 33 45 0 119 79 0 103 101 0 93 84 0 90 128 0 154 
97 78 32 44 0 117 78 0 102 95 0 91 81 0 90 128 0 156 
99 77 32 44 0 119 77 0 103 95 0 93 81 0 91 125 0 157 
96 78 33 44 0 117 76 0 101 97 0 92 81 0 90 126 0 154 
97 78 32 44 0 117 79 0 100 98 0 90 85 0 89 128 0 153 
98 78 32 44 0 118 77 0 101 93 0 90 80 0 90 126 0 154 
101 79 32 46 0 120 81 0 103 100 0 92 84 0 91 129 0 157 
100 80 31 42 0 118 77 0 102 93 0 90 80 0 91 127 0 157 
98 81 31 44 0 117 79 0 101 97 0 91 83 0 89 128 0 155 
98 81 32 44 0 119 78 0 102 99 0 94 82 0 91 126 0 155 
96 85 32 46 0 114 80 0 97 99 0 87 86 0 88 131 0 151 
98 85 31 46 0 117 80 0 101 100 0 90 86 0 89 129 0 154 
99 83 32 45 0 117 78 0 100 97 0 92 84 0 90 129 0 154 
100 83 32 44 0 118 78 0 101 99 0 93 83 0 91 129 0 156 
100 84 32 46 0 118 80 0 100 101 0 93 83 0 91 129 0 155 
99 84 31 44 0 119 77 0 100 96 0 90 84 0 89 129 0 155 
101 83 31 44 0 121 79 0 103 101 0 96 84 0 91 128 0 156 
60 146 58 84 0 158 131 0 156 157 0 107 152 0 123 140 0 121 
31 130 218 80 0 156 128 0 152 157 0 103 164 0 124 142 0 107 
54 156 237 89 0 147 131 0 142 161 0 96 167 0 115 149 0 103 
87 158 56 94 0 165 141 0 165 175 0 111 168 0 128 153 0 111 
57 162 243 83 0 138 128 0 144 165 0 114 160 0 149 125 0 104 
62 141 223 71 0 116 107 0 125 130 0 102 128 0 107 132 0 101 
55 143 200 82 0 132 121 0 123 134 0 81 141 0 91 140 0 101 
43 148 100 81 0 114 119 0 112 130 0 75 146 0 95 136 0 84 
53 150 226 84 0 112 125 0 116 139 0 82 152 0 101 140 0 90 
69 163 71 105 0 139 149 0 129 160 0 77 168 0 98 157 0 98 
73 166 58 96 0 139 136 0 130 147 0 84 153 0 108 152 0 100 
88 139 37 101 0 137 142 0 136 157 0 84 159 0 103 151 0 107 
48 162 118 72 0 132 114 0 126 129 0 86 136 0 91 123 0 93 
78 183 164 113 0 124 155 0 116 158 0 63 176 4 91 163 0 92 
87 182 242 118 0 123 157 0 115 155 12 67 169 14 94 170 4 99 
68 162 235 87 0 130 130 0 132 147 0 87 150 0 104 149 0 96 
82 163 122 95 0 130 134 0 132 151 0 87 143 0 103 153 0 98 
79 154 50 90 0 127 130 0 128 142 0 85 146 0 98 149 0 103 
74 160 63 93 0 144 134 0 143 151 0 92 148 0 103 151 0 105 
87 160 238 101 0 137 136 0 125 135 0 69 139 0 80 154 0 102 
85 158 51 96 0 139 136 0 132 140 0 71 147 0 85 158 0 99 
84 157 57 100 0 122 142 0 116 141 2 60 142 3 71 158 0 96 
87 156 53 103 0 118 142 0 119 142 0 70 142 0 93 160 0 102 
88 161 55 105 0 129 153 0 129 153 0 70 154 1 81 160 0 102 
85 172 248 102 0 134 139 0 128 145 0 78 150 0 98 155 0 113 
75 183 75 106 0 132 145 0 132 157 0 79 158 0 96 158 0 110 
70 167 237 98 0 124 137 0 117 134 0 61 144 1 75 155 0 102 
89 164 216 91 0 121 132 0 116 127 0 67 132 0 76 151 0 115 
87 172 68 109 0 136 148 0 139 154 0 73 148 0 85 158 0 109 
85 175 252 100 0 107 132 0 106 136 0 67 148 0 83 158 0 107 
85 160 56 92 0 135 132 0 135 144 0 96 141 0 110 151 0 117 
75 168 232 79 0 122 122 0 127 137 0 88 134 0 103 137 0 122 
74 170 70 97 0 126 136 0 129 145 0 80 150 0 100 151 0 110 
81 175 241 98 0 115 138 0 125 146 0 79 159 0 97 157 0 106 
66 175 64 82 0 113 126 0 122 139 0 83 150 0 95 143 0 103 
57 167 67 78 0 120 123 0 138 145 0 92 145 0 102 139 0 103 
69 165 69 87 0 129 128 0 135 140 0 83 143 0 96 147 0 104 
70 165 60 100 0 113 140 0 115 135 0 61 142 0 77 154 0 95 
69 166 60 94 0 121 133 0 122 138 0 73 142 0 86 151 0 101 
60 177 67 78 0 116 120 0 122 130 0 82 140 0 95 142 0 98 
54 168 71 86 0 123 126 0 115 127 0 66 132 0 72 140 0 99 
76 173 84 96 0 110 135 0 114 131 0 69 139 0 82 150 0 104 
69 167 65 95 0 116 138 0 117 136 0 64 140 0 75 148 0 99 
68 163 220 97 0 132 141 0 130 150 0 83 150 0 99 147 0 103 
78 163 105 96 0 127 134 0 123 134 0 70 137 0 77 150 0 103 
80 169 233 97 0 126 134 0 122 129 0 73 136 2 77 156 0 98 
61 164 59 85 0 113 123 0 125 145 0 79 139 0 80 146 0 91 
69 162 57 90 0 113 127 0 123 141 0 76 141 0 80 149 0 95 
72 164 61 93 0 114 132 0 119 137 0 71 143 0 75 150 0 92 
71 153 55 87 0 117 128 0 127 134 0 77 136 0 79 144 0 97 
78 84 37 48 0 121 87 0 112 134 0 111 126 0 121 116 0 142 
65 86 35 45 0 109 89 0 100 135 0 96 143 0 106 119 0 132 
69 75 37 40 0 117 78 0 104 121 0 101 124 0 107 112 0 131 
66 85 38 47 0 107 92 0 96 136 0 96 142 0 106 119 0 130 
60 71 35 30 0 103 76 0 88 120 0 90 131 0 98 108 0 125 
57 73 41 32 0 99 77 0 85 115 0 87 130 0 95 106 0 121 
60 77 39 38 0 100 83 0 88 120 0 87 134 0 98 112 0 123 
67 78 37 41 0 105 86 0 92 122 0 90 133 0 101 113 0 130 
64 81 37 45 0 101 89 0 87 124 0 86 133 0 98 117 0 127 
60 74 39 44 0 98 86 0 84 121 0 85 128 0 94 119 0 126 
58 70 49 41 0 95 81 0 81 111 0 83 119 0 90 115 0 121 
54 63 36 29 0 92 73 0 74 109 0 80 119 0 86 110 0 119 
54 74 37 39 0 88 82 0 73 118 0 74 134 0 84 115 0 118 
73 84 39 53 0 101 94 0 88 138 0 92 140 0 107 125 0 132 
83 95 33 62 0 103 104 0 90 139 0 92 138 0 111 137 0 146 
81 89 33 58 0 103 100 0 91 138 0 92 136 0 108 133 0 147 
86 87 32 57 0 106 99 0 92 139 0 97 136 0 110 132 0 150 
83 91 33 58 0 102 101 0 91 137 0 95 138 0 111 132 0 146 
77 77 33 49 0 101 91 0 89 127 0 87 129 0 99 124 0 142 
76 76 36 49 0 102 90 0 87 125 0 90 126 0 97 120 0 141 
73 74 36 46 0 97 87 0 83 118 0 83 124 0 93 120 0 138 
71 73 36 43 0 96 85 0 83 116 0 86 122 0 94 119 0 134 
66 77 37 49 0 91 91 0 78 123 0 82 128 0 89 121 0 131 
61 78 36 47 0 83 90 0 70 121 0 75 129 0 84 123 0 124 
59 77 40 49 0 82 88 0 70 119 0 73 128 0 80 125 0 122 
55 76 39 47 0 80 88 0 67 119 0 72 130 0 80 125 0 119 
56 77 40 47 0 80 88 0 68 118 0 71 127 0 81 126 0 120 
53 77 40 44 0 79 90 0 69 117 0 68 131 0 80 121 0 114 
56 74 41 48 0 86 89 0 72 119 0 74 138 0 83 124 0 120 
57 79 41 46 0 91 91 0 82 130 0 81 151 0 90 123 0 120 
65 79 41 47 0 100 92 0 93 137 0 90 154 0 95 123 0 128 
74 75 39 45 0 107 86 0 100 134 0 98 148 0 105 120 0 134 
71 78 37 43 0 103 85 0 97 132 0 95 146 0 103 123 0 134 
66 77 34 44 0 98 88 0 88 132 0 88 151 0 97 122 0 130 
69 74 35 45 0 101 88 0 93 134 0 92 148 0 97 121 0 133 
69 78 37 45 0 99 88 0 92 132 0 88 147 0 99 123 0 133 
70 76 35 46 0 100 89 0 93 130 0 90 148 0 100 123 0 134 
68 73 34 43 0 99 86 0 92 130 0 90 146 0 97 122 0 133 
70 76 37 43 0 99 86 0 92 129 0 91 145 0 99 123 0 132 
69 78 37 46 0 100 89 0 94 133 0 93 147 0 100 123 0 133 
67 75 36 47 0 97 87 0 91 132 0 89 149 0 98 122 0 132 
70 74 35 46 0 100 88 0 92 132 0 93 146 0 101 124 0 134 
71 75 36 46 0 100 88 0 94 133 0 93 148 0 102 123 0 134 
64 75 38 46 0 96 87 0 90 133 0 89 144 0 96 123 0 130 
62 74 37 42 0 92 84 0 87 125 0 84 143 0 92 121 0 126 
65 74 38 44 0 96 86 0 89 128 0 88 145 0 95 122 0 129 
58 76 41 48 0 90 89 0 81 128 0 79 150 0 89 124 0 122 
59 70 32 42 0 95 86 0 81 128 0 77 145 0 82 120 0 127 
68 70 40 43 0 100 84 0 92 125 0 90 139 0 95 120 0 132 
80 75 35 49 0 113 91 0 105 137 0 102 144 0 111 125 0 148 
23 11 121 46 0 136 82 0 116 123 0 125 130 0 133 124 0 150 
25 10 120 47 0 135 83 0 116 127 0 125 132 0 132 126 0 151 
24 10 122 48 0 133 83 0 114 129 0 124 131 0 130 126 0 149 
25 11 121 50 0 135 85 0 115 127 0 123 134 0 131 127 0 148 
25 9 122 49 0 134 85 0 114 128 0 122 133 0 129 127 0 149 
25 9 122 47 0 135 84 0 117 128 0 126 132 0 134 127 0 152 
22 10 122 47 0 131 81 0 112 122 0 120 131 0 129 125 0 147 
25 10 123 49 0 134 85 0 114 126 0 124 133 0 133 127 0 149 
24 9 122 47 0 133 82 0 116 129 0 128 133 0 131 127 0 149 
24 10 123 47 0 134 82 0 116 127 0 126 132 0 132 125 0 150 
24 10 123 49 0 133 83 0 114 126 0 123 131 0 131 125 0 148 
25 10 122 48 0 134 82 0 116 126 0 125 131 0 133 127 0 152 
24 9 121 47 0 133 82 0 112 123 0 123 131 0 132 124 0 148 
27 7 120 49 0 133 85 0 113 129 0 124 134 0 132 127 0 149 
25 7 120 47 0 131 82 0 112 125 0 122 129 0 129 125 0 148 
28 5 119 48 0 134 82 0 115 125 0 123 129 0 132 126 0 150 
27 8 120 46 0 134 81 0 116 125 0 126 129 0 132 124 0 150 
27 5 118 49 0 134 83 0 114 127 0 124 130 0 132 126 0 150 
27 5 118 48 0 131 83 0 112 124 0 119 131 0 129 127 0 147 
26 6 118 48 0 132 82 0 113 125 0 122 128 0 131 125 0 148 
28 5 120 48 0 135 82 0 116 125 0 124 131 0 132 126 0 150 
29 4 119 49 0 133 83 0 113 128 0 122 132 0 131 127 0 148 
27 4 118 47 0 130 82 0 111 125 0 120 130 0 129 125 0 148 
27 4 118 47 0 131 80 0 112 122 0 119 128 0 130 125 0 148 
29 2 117 49 0 130 83 0 112 126 0 121 130 0 130 127 0 148 
28 3 117 47 0 132 81 0 113 126 0 123 129 0 130 126 0 149 
28 1 116 46 0 130 81 0 112 125 0 122 128 0 129 125 0 149 
28 2 117 47 0 131 82 0 112 125 0 121 129 0 129 125 0 147 
28 2 117 47 0 132 81 0 112 127 0 123 129 0 130 125 0 149 
28 2 117 47 0 130 80 0 111 125 0 121 128 0 128 125 0 147 
28 1 117 46 0 129 81 0 111 121 0 120 127 0 130 126 0 148 
30 1 117 48 0 130 82 0 111 127 0 122 130 0 129 126 0 149 
30 1 116 48 0 132 82 0 112 125 0 121 130 0 132 126 0 150 
27 2 118 47 0 131 81 0 111 128 0 122 128 0 129 126 0 147 
30 0 115 48 0 129 83 0 109 125 0 119 130 0 128 127 0 146 
31 0 115 50 0 129 85 0 109 129 0 117 132 0 129 128 0 147 
29 0 115 48 0 127 83 0 107 124 0 115 132 0 124 128 0 143 
28 0 114 47 0 127 81 0 107 122 0 115 129 0 124 126 0 144 
30 0 116 47 0 128 81 0 108 124 0 119 130 0 127 127 0 146 
31 0 115 49 0 127 83 0 109 125 0 118 131 0 127 127 0 146 
30 0 114 48 0 129 82 0 109 127 0 121 130 0 126 128 0 147 
30 0 114 48 0 126 82 0 106 126 0 118 129 0 126 127 0 145 
31 0 113 47 0 129 81 0 109 123 0 117 130 0 128 127 0 145 
31 0 112 48 0 128 82 0 108 122 0 116 130 0 125 126 0 145 
30 0 111 50 0 125 84 0 106 126 0 115 132 0 123 131 0 144 
31 0 113 46 0 130 80 0 109 122 0 118 129 0 127 127 0 146 
31 0 111 48 0 127 81 0 107 127 0 118 131 0 125 127 0 145 
31 0 113 49 0 127 82 0 108 126 0 119 131 0 127 127 0 145 
31 0 111 49 0 128 82 0 108 126 0 117 131 0 127 128 0 146 
30 0 111 49 0 126 83 0 106 126 0 118 131 0 126 128 0 144 
8 23 95 100 0 92 137 0 84 119 11 37 141 12 47 148 24 57 
0 37 143 72 0 155 120 0 151 147 0 105 138 0 117 126 0 110 
42 99 38 100 39 30 112 38 31 77 63 30 119 79 26 143 86 34 
7 26 119 81 0 102 121 0 105 123 0 71 130 0 76 144 12 75 
28 0 141 73 0 149 119 0 157 135 0 105 121 0 123 124 0 115 
22 36 81 96 0 82 131 0 86 114 13 48 126 17 53 152 23 68 
10 38 106 73 0 88 108 0 95 101 0 63 106 3 59 134 13 76 
25 52 78 94 14 60 122 9 61 90 41 34 112 51 30 152 33 56 
0 23 141 82 0 120 125 0 120 139 0 80 130 0 91 134 0 92 
3 35 103 84 4 57 98 7 51 88 13 49 101 22 39 138 28 59 
63 0 185 85 0 204 133 0 216 174 0 149 127 0 169 122 0 162 
63 10 237 84 0 207 129 0 212 171 0 155 126 0 180 117 0 181 
33 0 160 80 0 108 117 0 103 120 0 81 117 0 97 133 0 133 
17 1 138 74 0 81 110 0 75 100 0 55 107 0 64 133 0 111 
20 13 120 87 0 67 120 0 61 99 14 40 118 11 44 143 0 88 
43 0 116 116 0 81 152 0 77 140 25 43 161 17 67 166 0 95 
0 34 161 50 0 112 96 0 116 109 0 85 102 0 89 121 0 103 
34 0 198 97 0 144 142 0 136 157 0 86 145 0 109 152 0 126 
44 0 122 114 0 116 160 0 131 174 0 87 161 0 125 171 0 129 
0 20 149 81 0 123 128 0 135 149 0 92 141 0 115 142 0 105 
0 71 138 67 0 93 114 0 105 126 0 75 118 0 78 130 4 80 
14 40 88 80 0 70 113 0 74 105 14 53 115 19 51 143 21 67 
22 0 153 78 0 146 124 0 158 147 0 108 121 0 123 130 0 121 
26 3 123 98 0 92 139 0 92 136 5 49 138 2 58 156 0 81 
25 1 115 97 0 102 139 0 110 146 0 69 141 0 88 154 0 103 
0 38 146 82 0 104 130 0 108 132 0 68 122 0 78 132 0 102 
9 36 88 87 0 62 121 0 65 108 22 46 120 19 51 149 16 70 
29 7 117 98 0 95 141 0 99 141 0 60 134 0 72 148 0 98 
18 0 150 93 0 126 137 0 132 148 0 78 135 0 98 146 0 106 
0 86 141 39 0 104 85 0 122 104 0 99 89 0 97 99 4 91 
3 20 174 75 0 120 117 0 119 128 0 78 122 0 84 135 0 93 
61 0 140 127 0 136 168 0 132 180 16 78 170 3 107 185 0 125 
0 30 148 71 0 135 118 0 144 145 0 105 128 0 111 141 0 97 
0 52 126 60 0 92 107 0 98 113 0 73 110 0 73 125 6 83 
10 29 163 70 0 173 117 0 181 157 0 129 126 0 138 125 0 124 
5 26 120 80 0 84 124 0 91 127 0 61 129 0 70 143 4 81 
27 4 141 102 0 127 143 0 128 148 0 73 141 0 94 149 0 105 
17 4 170 90 0 163 137 0 173 166 0 115 138 0 132 138 0 124 
34 0 167 114 0 143 154 0 136 162 3 80 153 0 98 170 0 111 
0 40 125 89 0 121 136 0 125 144 0 73 126 0 81 140 0 95 
12 8 172 67 0 145 112 0 160 133 0 98 105 0 105 128 0 116 
57 0 174 103 0 149 144 0 156 155 0 98 128 0 114 150 0 145 
39 0 150 94 0 126 136 0 135 146 0 93 124 0 109 147 0 131 
52 0 177 122 0 151 166 0 144 177 7 82 157 0 98 170 0 133 
4 28 146 92 0 154 135 0 152 154 0 96 131 0 110 140 0 115 
0 56 153 75 0 134 120 0 142 142 0 94 122 0 101 132 0 103 
32 0 187 108 0 166 151 0 154 158 11 82 138 16 94 173 0 135 
0 55 133 84 0 134 131 0 135 148 0 87 132 0 97 138 0 103 
0 104 138 53 0 96 99 0 100 102 0 70 96 0 66 109 13 73 
0 43 175 67 0 168 114 0 168 143 0 117 114 0 119 116 0 110 
2 27 211 57 0 135 103 0 116 151 0 108 155 0 125 135 0 136 
4 34 205 71 0 117 109 0 103 152 0 94 164 0 117 139 0 133 
4 29 191 73 0 117 114 0 100 155 0 89 170 0 116 147 0 131 
6 24 179 81 0 107 118 0 90 159 0 83 173 2 111 152 0 121 
8 21 179 83 0 108 122 0 91 157 0 80 174 5 110 154 0 125 
9 14 178 83 0 108 120 0 92 153 0 80 173 12 109 156 0 122 
21 3 168 102 0 105 140 0 88 171 8 72 188 21 110 167 0 126 
18 1 162 102 0 100 139 0 83 169 8 68 187 21 109 168 0 123 
36 0 162 122 0 110 159 0 92 190 23 79 200 33 119 184 0 132 
30 0 167 112 0 109 148 0 92 181 13 79 192 26 117 181 0 134 
35 0 167 118 0 113 156 0 96 185 15 81 195 29 121 181 0 137 
27 5 175 99 0 115 136 0 101 171 4 90 177 17 120 163 0 136 
0 32 166 71 0 88 104 0 71 134 0 61 157 2 81 136 0 107 
0 41 161 54 0 82 89 0 69 117 0 63 146 0 76 125 0 101 
0 44 159 48 0 80 83 0 69 117 0 68 139 0 77 118 0 99 
0 45 167 37 0 84 68 0 73 104 0 72 130 0 75 115 0 99 
0 45 166 51 0 84 83 0 72 116 0 69 139 0 76 121 0 101 
0 40 165 50 0 82 83 0 71 117 0 68 140 0 76 123 0 105 
0 32 161 56 0 80 91 0 72 126 0 70 147 0 82 129 0 106 
8 20 166 74 0 94 108 0 82 144 0 74 159 1 95 144 0 120 
16 7 158 90 0 91 125 0 78 159 2 67 174 9 91 159 0 125 
21 5 179 79 0 106 116 0 95 157 0 88 165 0 110 148 0 142 
26 8 175 85 0 114 120 0 104 160 0 95 165 0 120 151 0 143 
19 2 168 84 0 90 120 0 75 157 0 68 172 0 93 150 0 124 
18 9 176 74 0 98 107 0 87 143 0 82 153 0 104 139 0 135 
10 8 158 75 0 78 109 0 68 141 0 62 162 0 89 144 0 120 
8 16 173 62 0 92 96 0 80 134 0 77 149 0 94 131 0 130 
8 22 183 55 0 100 89 0 88 126 0 85 137 0 99 122 0 132 
13 29 186 44 0 107 76 0 95 113 0 93 123 0 105 112 0 139 
0 41 193 43 0 99 77 0 87 115 0 83 135 0 95 112 0 132 
0 40 187 43 0 93 77 0 82 113 0 76 137 0 89 113 0 127 
5 36 192 49 0 105 84 0 94 130 0 91 142 0 102 116 0 135 
14 19 177 73 0 95 106 0 85 142 0 78 160 0 99 136 0 133 
15 12 184 73 0 96 107 0 86 141 0 79 158 0 107 141 0 142 
24 4 172 87 0 94 122 0 81 152 1 71 169 6 99 153 0 135 
13 5 153 90 0 74 125 0 65 150 5 57 174 14 90 155 0 119 
10 12 152 84 0 73 115 0 62 140 8 56 166 15 86 153 0 118 
13 5 149 92 0 69 123 0 60 145 14 51 173 19 85 156 0 121 
16 5 161 85 0 82 119 0 72 149 4 65 169 9 94 153 0 123 
17 7 159 85 0 82 119 0 72 149 2 65 167 5 96 150 0 123 
15 7 161 86 0 83 120 0 72 146 0 63 167 7 91 149 0 124 
16 7 160 84 0 83 118 0 72 148 1 66 167 6 95 150 0 124 
14 7 160 83 0 82 116 0 72 147 1 66 165 6 93 148 0 124 
15 7 159 84 0 81 116 0 70 149 1 66 166 5 91 149 0 124 
14 7 160 82 0 81 117 0 73 145 0 65 165 4 93 150 0 125 
20 5 160 87 0 85 121 0 76 154 2 69 169 6 99 150 0 126 
5 17 166 70 0 81 102 0 69 135 0 65 156 1 88 137 0 117 
0 24 161 65 0 75 96 0 65 129 1 63 150 1 81 133 0 112 
2 21 160 68 0 74 101 0 63 130 0 61 151 2 80 135 0 113 
0 24 164 65 0 76 96 0 65 122 0 60 149 1 80 131 0 112 
64 30 56 64 0 126 103 0 138 121 0 71 99 71 25 151 0 155 
65 30 53 63 0 127 102 0 140 115 0 67 99 71 24 151 0 155 
64 30 54 64 0 125 103 0 138 120 0 68 97 71 24 150 0 154 
63 30 55 62 0 125 101 0 138 117 0 67 99 72 24 149 0 155 
65 31 53 63 0 125 102 0 138 117 0 67 99 71 24 148 0 154 
66 30 52 63 0 125 101 0 137 117 0 66 99 71 22 150 0 155 
63 32 52 61 0 120 99 0 135 116 0 67 98 73 25 149 0 154 
66 28 54 60 0 126 98 0 137 114 0 68 97 73 24 148 0 156 
65 30 54 60 0 124 99 0 137 112 0 65 96 73 24 149 0 157 
67 30 54 59 0 124 97 0 137 113 0 67 95 72 24 148 0 158 
67 30 53 62 0 124 101 0 138 114 0 67 96 72 25 148 0 157 
69 29 53 59 0 125 97 0 139 114 0 67 94 71 25 147 0 158 
67 31 54 61 0 124 99 0 137 115 0 68 93 71 25 147 0 157 
67 30 54 61 0 125 100 0 138 116 0 69 95 71 25 148 0 156 
67 30 53 60 0 126 98 0 139 115 0 66 96 70 22 147 0 158 
69 31 53 62 0 127 101 0 139 114 0 67 96 68 25 148 0 156 
66 29 56 60 0 122 98 0 135 113 0 65 95 72 24 147 0 156 
67 29 53 59 0 124 98 0 135 117 0 67 96 70 24 147 0 155 
66 29 54 60 0 125 98 0 137 112 0 67 95 70 25 147 0 157 
67 28 54 59 0 125 97 0 137 113 0 66 94 72 22 146 0 155 
65 30 54 59 0 123 98 0 135 115 0 66 95 72 24 146 0 155 
65 29 56 58 0 122 97 0 135 111 0 66 93 74 24 145 0 154 
67 29 53 58 0 124 98 0 136 111 0 64 94 71 24 146 0 155 
66 29 55 57 0 124 97 0 137 110 0 64 94 72 25 147 0 155 
66 29 56 58 0 123 96 0 136 111 0 66 94 73 25 146 0 155 
68 28 54 56 0 125 96 0 138 111 0 67 93 68 25 145 0 157 
66 27 55 56 0 125 95 0 136 109 0 65 93 72 23 145 0 156 
67 28 54 56 0 124 96 0 137 113 0 67 93 71 24 146 0 158 
67 28 55 55 0 123 95 0 136 113 0 68 93 70 25 145 0 157 
65 29 52 58 0 122 97 0 136 115 0 64 95 70 22 149 0 157 
67 27 54 56 0 124 95 0 136 110 0 65 94 70 25 145 0 157 
67 29 54 58 0 123 96 0 133 111 0 62 95 71 23 148 0 156 
66 29 54 56 0 122 96 0 134 113 0 65 95 70 24 147 0 157 
68 29 55 56 0 124 94 0 136 112 0 67 90 70 24 146 0 156 
67 28 54 54 0 122 95 0 134 110 0 63 92 73 24 145 0 155 
64 30 53 58 0 120 99 0 132 112 0 61 98 71 23 148 0 156 
67 30 54 56 0 123 95 0 135 111 0 64 93 71 24 146 0 155 
66 29 55 55 0 123 96 0 135 111 0 64 94 70 24 146 0 157 
69 29 52 57 0 122 97 0 135 111 0 62 94 69 24 147 0 156 
68 28 54 52 0 122 94 0 135 110 0 64 92 71 24 145 0 157 
68 27 56 53 0 121 94 0 133 108 0 63 90 72 24 144 0 155 
68 29 53 54 0 121 97 0 134 111 0 64 94 70 24 146 0 156 
69 28 55 52 0 122 94 0 135 110 0 65 91 70 24 144 0 157 
67 27 55 52 0 121 94 0 134 109 0 62 93 72 22 145 0 157 
68 28 55 53 0 121 94 0 135 110 0 63 92 70 24 145 0 155 
65 21 60 45 0 120 86 0 129 101 0 60 88 80 24 138 0 151 
64 30 54 54 0 116 97 0 129 112 0 59 97 73 24 146 0 152 
66 22 57 45 0 119 86 0 130 100 0 60 86 75 22 139 0 154 
66 24 57 48 0 119 90 0 130 107 0 61 89 73 23 142 0 154 
69 23 57 47 0 120 90 0 131 104 0 61 90 71 23 141 0 155 
46 44 57 65 0 110 119 0 140 113 0 63 63 57 31 137 0 136 
50 58 49 81 0 107 133 0 139 129 0 65 75 41 34 152 0 139 
50 25 70 50 0 117 93 0 133 84 0 70 38 68 39 116 0 140 
21 36 82 57 0 89 110 0 108 98 26 39 69 91 22 131 0 111 
30 57 60 72 0 84 126 0 108 119 21 41 76 67 23 145 0 123 
51 72 49 83 0 97 130 0 138 132 0 61 70 34 37 144 0 136 
10 55 79 49 0 86 120 0 103 126 39 34 96 92 18 137 0 97 
25 78 57 52 4 68 122 0 95 129 15 52 104 97 22 144 0 103 
46 78 47 81 0 87 142 0 136 148 3 68 86 46 33 153 0 131 
56 73 42 86 0 95 153 0 132 155 7 59 90 45 28 163 0 138 
40 49 56 40 0 82 103 0 122 106 0 58 67 70 23 122 0 125 
14 59 74 52 0 87 107 0 91 110 15 43 94 105 21 131 0 95 
17 61 68 76 0 98 141 0 93 124 30 29 100 104 12 153 0 99 
42 76 51 69 0 103 127 0 115 132 16 54 87 63 28 151 0 123 
21 65 63 51 0 81 110 0 96 114 25 39 85 89 22 136 0 101 
21 56 68 55 0 84 113 0 92 111 30 37 82 96 20 134 0 103 
29 32 79 28 4 93 83 0 99 77 20 47 54 97 30 107 0 109 
24 31 79 15 8 86 69 0 97 71 19 46 54 98 31 100 0 108 
60 83 39 88 0 103 143 0 136 145 0 66 88 30 36 166 0 143 
60 78 42 87 0 105 142 0 132 132 1 58 85 37 34 163 0 144 
34 50 53 47 0 90 106 0 109 106 10 43 68 67 21 121 0 119 
41 49 57 52 0 94 113 0 108 102 13 45 68 70 25 128 0 125 
39 56 56 52 0 90 112 0 108 102 16 42 72 69 25 129 0 122 
47 54 55 56 0 98 114 0 114 101 15 46 71 67 30 138 0 130 
22 77 61 66 0 67 126 0 88 118 37 34 97 76 23 145 0 104 
13 73 84 59 15 63 114 0 75 105 61 38 97 101 29 135 0 84 
12 50 88 49 17 71 107 0 77 90 54 33 83 108 25 124 0 89 
16 37 81 40 13 73 101 0 78 85 45 29 72 106 21 120 0 102 
31 43 63 43 0 82 104 0 95 96 28 38 67 80 25 123 0 116 
51 53 51 52 0 97 110 0 120 109 6 54 63 53 34 131 0 132 
34 40 56 45 0 94 107 0 98 86 21 33 65 82 20 130 0 122 
54 30 62 36 0 117 88 0 121 78 0 61 53 62 35 108 0 136 
50 49 56 52 0 113 105 0 139 118 0 94 79 54 33 129 0 131 
39 54 55 54 0 101 118 0 121 131 0 67 95 68 23 133 0 126 
37 54 56 48 0 88 114 0 124 131 0 71 91 63 24 128 0 125 
36 56 59 57 0 83 118 0 113 123 0 65 91 70 25 132 0 121 
47 57 53 54 0 95 117 0 124 127 0 68 83 58 29 134 0 128 
43 59 51 58 0 87 121 0 117 129 0 62 89 60 26 139 0 127 
45 63 48 70 0 97 135 0 126 141 0 58 92 50 24 142 0 129 
49 60 46 62 0 93 122 0 124 130 0 61 86 53 28 141 0 133 
51 72 43 72 0 94 132 0 123 134 4 60 93 44 33 154 0 137 
10 57 71 46 5 65 111 0 87 118 15 41 103 94 16 122 0 101 
20 30 100 19 28 80 70 0 80 72 31 45 79 129 36 101 14 100 
23 33 86 20 13 84 78 0 98 88 20 50 73 103 30 97 0 103 
10 85 70 94 5 60 162 0 74 146 51 24 137 93 19 172 1 94 
36 88 57 85 0 78 142 0 110 148 20 58 114 56 34 156 0 115 
52 70 52 76 0 100 134 0 125 137 9 67 96 52 36 153 0 138 
54 41 58 42 0 111 98 0 136 105 0 68 66 61 33 116 0 139 
35 21 95 10 19 97 67 0 116 70 11 62 60 103 38 94 2 110 
36 26 81 24 10 96 78 0 110 81 13 55 64 98 29 96 0 113 
15 47 80 44 0 100 77 0 99 133 0 76 101 151 28 123 0 115 
24 60 70 49 0 103 82 0 108 139 0 90 117 124 33 127 0 121 
21 68 68 55 0 96 88 0 101 141 0 82 126 124 36 134 0 116 
16 65 67 54 0 95 90 0 98 143 0 77 127 128 33 130 0 113 
19 64 70 54 0 98 88 0 99 139 0 78 124 129 35 131 0 114 
27 71 72 58 0 100 90 0 104 145 0 90 123 120 42 133 0 117 
7 55 74 40 0 85 77 0 81 132 0 64 127 147 34 121 0 100 
19 60 72 50 0 92 86 0 91 140 0 71 124 134 36 127 0 111 
12 63 71 49 0 85 86 0 85 142 0 67 130 140 35 130 0 104 
19 60 66 46 0 93 81 0 95 138 0 76 121 131 34 128 0 114 
31 61 62 50 0 105 85 0 108 138 0 87 112 120 33 128 0 126 
22 64 67 48 0 95 84 0 96 141 0 79 124 131 33 127 0 112 
23 56 73 46 0 99 82 0 96 135 0 75 117 136 36 123 0 115 
19 57 72 43 0 94 79 0 92 133 0 73 119 137 34 122 0 111 
24 55 75 43 0 98 79 0 96 135 0 78 115 134 37 122 0 115 
22 59 71 46 0 95 82 0 93 138 0 73 118 132 31 127 0 116 
24 59 69 45 0 97 79 0 95 133 0 74 118 131 34 125 0 116 
30 64 70 50 0 102 85 0 104 138 0 87 120 124 39 126 0 119 
24 65 71 51 0 96 88 0 94 143 0 75 124 131 37 129 0 114 
20 66 73 51 0 91 86 0 90 140 0 73 125 135 39 129 0 109 
14 68 76 51 0 82 89 0 82 145 0 68 131 137 38 132 0 105 
23 67 73 50 0 101 92 0 93 144 0 75 125 130 39 131 0 113 
25 62 71 44 0 100 84 0 98 142 0 80 119 131 36 127 0 117 
27 63 67 46 0 107 85 0 102 149 0 80 117 125 29 131 0 121 
29 60 65 47 0 109 83 0 106 146 0 83 113 126 28 127 0 125 
36 58 63 48 0 116 85 0 112 144 0 91 107 120 30 128 0 130 
34 57 62 49 0 112 84 0 111 143 0 87 105 123 28 126 0 130 
35 63 58 53 0 112 90 0 108 149 0 89 111 121 28 130 0 128 
35 62 58 52 0 114 88 0 110 145 0 90 110 116 29 131 0 130 
32 66 58 52 0 107 90 0 105 148 0 85 116 120 33 132 0 123 
28 62 61 49 0 104 87 0 100 144 0 78 115 126 31 131 0 121 
29 63 59 49 0 103 86 0 101 147 0 81 115 124 29 130 0 121 
30 63 59 50 0 104 87 0 102 146 0 82 114 125 31 129 0 123 
26 63 59 49 0 101 86 0 98 148 0 78 116 128 29 131 0 119 
29 63 59 49 0 104 87 0 102 144 0 81 114 125 29 130 0 121 
29 63 61 50 0 104 88 0 101 146 0 80 116 126 31 131 0 121 
31 64 60 51 0 106 88 0 104 147 0 83 116 123 31 130 0 125 
32 61 60 47 0 105 83 0 103 144 0 83 111 125 31 128 0 123 
21 64 60 50 0 95 88 0 92 148 0 73 120 131 28 131 0 114 
24 61 60 46 0 95 84 0 92 135 0 70 113 132 29 130 0 118 
30 58 64 45 0 103 83 0 99 137 0 78 111 130 34 124 0 119 
25 58 62 45 0 98 84 0 93 140 0 74 113 134 31 125 0 117 
29 59 63 49 0 101 86 0 97 141 0 78 111 129 31 128 0 120 
32 61 61 49 0 103 87 0 99 141 0 78 110 125 31 129 0 123 
27 65 63 52 0 96 88 0 93 142 0 74 118 127 32 131 0 118 
26 58 63 47 0 98 84 0 93 135 0 72 111 133 32 127 0 117 
28 62 62 48 0 100 84 0 94 138 0 72 110 129 30 127 0 119 
26 59 62 46 0 98 82 0 93 136 0 71 111 130 30 128 0 119 
27 59 60 47 0 97 84 0 94 141 0 75 109 130 29 127 0 119 
17 58 73 41 0 87 79 0 83 135 0 66 116 141 39 120 0 109 
49 6 83 48 0 131 85 0 117 70 99 33 110 0 79 134 0 157 
51 8 80 47 0 133 84 0 118 74 100 34 111 0 79 133 0 157 
51 6 82 44 0 132 83 0 118 68 99 33 108 0 78 131 0 155 
50 6 82 46 0 131 86 0 115 71 101 32 111 0 76 133 0 155 
49 4 84 40 0 129 79 0 112 67 101 32 105 0 74 129 0 154 
50 6 82 43 0 130 82 0 114 69 99 32 108 0 77 130 0 155 
52 7 81 44 0 131 82 0 116 69 97 32 108 0 77 130 0 157 
53 5 81 43 0 131 81 0 114 67 95 31 106 0 76 130 0 155 
52 5 80 42 0 130 82 0 115 70 95 31 105 0 77 130 0 155 
53 5 81 43 0 131 81 0 115 68 96 32 104 0 76 129 0 156 
52 5 81 43 0 131 82 0 114 70 98 32 104 0 75 130 0 157 
53 5 82 43 0 132 80 0 113 69 97 33 104 0 77 131 0 157 
53 7 80 44 0 130 81 0 116 69 96 34 103 0 79 130 0 157 
56 4 81 44 0 133 80 0 118 68 93 32 103 0 79 129 0 158 
54 6 81 42 0 130 80 0 116 66 94 32 102 0 78 129 0 157 
55 6 80 44 0 132 81 0 116 70 96 32 104 0 79 130 0 158 
53 5 81 42 0 128 80 0 113 70 97 33 105 0 75 130 0 154 
58 6 79 45 0 134 83 0 120 71 93 32 104 0 81 131 0 160 
53 6 81 42 0 129 82 0 114 70 98 34 105 0 76 129 0 155 
53 3 82 40 0 126 78 0 112 65 99 32 102 0 75 128 0 154 
58 5 79 43 0 134 80 0 118 66 91 31 100 0 81 129 0 159 
55 5 79 42 0 128 79 0 112 67 97 31 101 0 76 128 0 156 
55 3 81 42 0 131 78 0 115 65 98 34 99 0 77 129 0 156 
56 6 79 42 0 130 81 0 115 68 95 31 101 0 79 129 0 157 
56 4 79 41 0 131 78 0 115 65 94 32 100 0 78 129 0 156 
57 5 78 41 0 130 80 0 116 69 96 33 101 0 80 128 0 157 
55 5 79 43 0 133 80 0 117 69 97 35 100 0 80 129 0 158 
59 5 77 42 0 132 79 0 116 69 95 32 100 0 80 129 0 157 
60 5 78 41 0 132 79 0 117 66 92 32 100 0 81 128 0 158 
59 5 77 42 0 133 78 0 117 67 94 33 100 0 79 128 0 158 
59 5 77 41 0 131 79 0 115 68 94 31 101 0 80 128 0 158 
58 6 76 42 0 131 79 0 115 66 93 33 100 0 79 129 0 157 
59 6 77 41 0 131 80 0 117 67 94 32 102 0 80 128 0 157 
60 4 78 40 0 133 77 0 117 64 92 33 98 0 80 127 0 158 
57 6 77 43 0 128 82 0 112 70 99 32 101 0 77 130 0 156 
59 6 77 42 0 130 80 0 115 70 97 35 101 0 79 128 0 155 
60 6 76 42 0 131 79 0 118 66 93 32 100 0 80 129 0 158 
60 6 76 41 0 132 79 0 116 68 95 32 100 0 79 129 0 159 
58 5 76 41 0 131 79 0 116 70 98 35 101 0 80 129 0 156 
61 6 76 41 0 133 79 0 118 69 93 34 101 0 80 127 0 157 
60 5 77 39 0 132 78 0 117 68 93 34 99 0 80 128 0 158 
57 5 78 40 0 128 79 0 113 66 96 34 100 0 79 127 0 157 
58 5 78 41 0 131 79 0 115 70 98 35 100 0 78 128 0 157 
59 5 77 41 0 131 80 0 116 68 95 31 101 0 79 128 0 155 
58 5 77 40 0 128 80 0 114 67 95 31 100 0 79 129 0 157 
59 6 76 41 0 131 81 0 115 68 95 32 101 0 79 129 0 158 
59 5 78 40 0 132 78 0 115 66 94 32 99 0 79 128 0 157 
62 4 77 39 0 131 79 0 116 67 91 32 100 0 81 128 0 159 
59 7 75 41 0 131 80 0 115 68 95 32 100 0 80 129 0 156 
56 7 75 40 0 127 81 0 112 70 98 32 102 0 77 131 0 154 
31 28 80 67 0 118 132 0 126 98 112 30 120 0 71 129 0 130 
35 15 88 50 0 128 106 0 119 83 127 44 99 15 60 129 0 136 
42 58 65 90 0 138 144 0 141 127 93 35 152 0 96 148 0 140 
36 49 73 84 0 135 136 0 127 119 108 41 153 8 86 144 0 133 
3 32 115 39 0 94 100 0 81 92 158 55 110 28 37 104 0 93 
45 5 119 11 10 129 52 0 110 43 126 66 57 16 70 72 5 125 
37 15 69 16 0 130 67 0 127 69 97 27 77 0 95 90 0 146 
74 0 75 49 0 163 94 0 156 65 78 26 81 0 92 101 0 182 
54 17 60 75 0 143 128 0 135 99 97 16 111 0 72 124 0 161 
37 32 66 73 0 123 127 0 113 109 111 30 120 0 70 145 0 142 
23 21 85 49 0 105 105 0 91 92 131 35 97 4 51 120 0 125 
20 21 101 34 0 98 89 0 85 84 139 44 82 12 50 102 0 118 
27 8 101 38 0 114 89 0 92 75 139 41 77 10 46 104 0 126 
26 23 93 40 0 109 93 0 101 93 126 41 87 3 59 103 0 124 
14 25 95 46 0 92 105 0 84 100 146 42 98 14 45 118 0 113 
42 19 72 80 0 116 135 0 104 109 122 28 116 4 51 147 0 142 
26 35 86 41 0 105 96 0 107 95 114 38 93 0 70 105 0 123 
26 16 95 41 0 109 94 0 95 86 134 38 87 9 50 109 0 123 
18 33 83 50 0 95 109 0 88 106 129 35 102 5 52 115 0 119 
1 34 119 38 9 73 94 0 60 95 165 61 89 43 31 105 0 88 
36 12 87 45 0 111 96 0 101 86 123 36 85 2 57 110 0 136 
63 16 69 61 0 140 110 0 140 90 86 30 92 0 84 122 0 158 
70 27 60 84 0 140 131 0 138 107 83 26 109 0 88 134 0 162 
64 20 59 63 0 136 111 0 134 97 82 25 96 0 90 119 0 166 
53 36 58 90 0 123 141 0 122 120 97 25 121 0 75 145 0 150 
43 31 66 77 0 113 128 0 109 113 108 30 115 0 65 139 0 140 
47 22 71 63 0 116 114 0 112 100 107 31 99 0 68 124 0 144 
38 28 70 61 0 104 113 0 102 105 114 30 103 0 65 119 0 137 
40 28 70 66 0 102 118 0 99 109 119 32 108 0 62 129 0 139 
61 19 66 70 0 132 120 0 126 99 97 27 99 0 74 128 0 154 
18 49 142 82 0 95 143 0 94 133 134 35 145 8 66 146 0 122 
44 28 124 66 0 140 122 0 134 109 100 25 119 0 88 124 0 148 
58 20 115 84 0 142 137 0 132 108 99 26 123 0 80 141 0 157 
49 18 110 51 0 127 103 0 126 95 103 30 100 0 87 114 0 157 
0 63 157 87 0 46 153 0 49 148 158 33 143 20 22 128 0 97 
46 21 97 67 0 119 119 0 114 108 109 26 111 0 75 122 0 148 
68 34 59 83 0 143 130 0 145 109 84 34 111 0 99 136 0 163 
41 48 84 94 0 106 150 0 108 133 108 27 158 0 91 144 0 140 
43 62 153 104 0 124 157 0 123 144 106 37 156 0 94 156 0 135 
45 38 133 87 0 143 143 0 125 124 111 29 144 0 86 148 0 147 
40 60 156 89 0 135 143 0 131 134 89 34 147 0 105 146 0 136 
39 24 65 69 0 130 125 0 111 109 120 25 124 0 72 126 0 140 
54 28 92 73 0 144 125 0 133 108 95 28 122 0 94 128 0 153 
60 31 118 79 0 149 131 0 137 113 90 29 127 0 98 134 0 158 
50 25 76 68 0 146 123 0 131 103 97 29 122 0 98 121 0 150 
52 21 66 64 0 140 118 0 126 100 103 26 114 0 91 121 0 154 
56 25 69 81 0 146 132 0 132 108 102 30 121 0 89 132 0 153 
60 59 94 117 0 138 165 0 134 148 89 34 159 0 103 167 0 161 
52 47 144 88 0 132 141 0 134 130 85 28 139 0 109 143 0 156 
34 96 29 128 0 94 182 0 104 181 107 31 184 0 102 182 0 135 
16 55 59 43 0 98 89 0 74 110 167 47 138 0 74 127 0 122 
20 53 64 38 0 105 81 0 79 105 174 58 128 0 74 119 0 122 
29 58 77 42 0 103 79 0 86 102 158 71 121 4 84 120 0 125 
37 52 66 39 0 120 84 0 97 99 155 51 128 0 81 122 0 135 
14 49 71 35 0 90 81 0 68 104 182 63 125 1 61 116 0 115 
20 50 68 29 0 102 83 0 81 106 172 62 126 0 64 117 0 122 
23 53 66 38 0 106 89 0 82 106 169 59 129 1 63 123 0 122 
38 63 57 51 0 115 99 0 94 116 153 49 135 0 79 133 0 134 
46 63 51 61 0 124 106 0 101 117 141 44 138 0 87 139 0 146 
42 74 47 68 0 115 115 0 97 131 147 47 151 0 88 149 0 140 
49 78 43 71 0 119 118 0 105 130 137 40 153 0 94 151 0 150 
47 76 45 70 0 116 118 0 102 132 140 43 151 0 92 151 0 146 
48 77 45 71 0 116 119 0 104 127 135 40 148 0 92 150 0 147 
48 68 47 63 0 120 111 0 104 123 139 44 142 0 91 143 0 146 
31 85 51 77 0 95 125 0 85 138 153 51 154 6 74 157 0 130 
44 74 49 69 0 112 115 0 99 126 144 46 145 0 86 149 0 139 
38 83 47 74 0 100 121 0 90 133 147 45 152 1 82 153 0 135 
45 79 47 74 0 108 121 0 98 130 144 44 150 0 86 153 0 142 
48 74 46 69 0 115 116 0 103 124 138 41 146 0 91 149 0 146 
48 71 47 69 0 114 115 0 103 127 142 44 145 0 88 146 0 146 
38 60 50 53 0 106 100 0 91 113 154 46 134 0 74 136 0 137 
36 57 56 48 0 105 95 0 90 108 153 48 129 0 71 131 0 134 
39 65 51 55 0 105 101 0 92 113 149 46 134 0 78 136 0 137 
41 63 53 56 0 106 102 0 94 116 150 47 134 0 79 136 0 139 
38 64 53 58 0 104 104 0 92 116 152 47 136 0 78 136 0 135 
33 62 55 52 0 99 100 0 87 115 159 51 132 0 70 134 0 131 
41 63 54 57 0 105 101 0 94 115 151 47 135 0 79 136 0 138 
41 66 51 59 0 105 104 0 94 117 147 47 138 0 81 139 0 140 
44 73 48 67 0 105 112 0 95 124 142 45 145 0 86 145 0 141 
46 70 48 65 0 106 111 0 96 126 146 44 141 0 82 146 0 143 
46 72 48 67 0 108 112 0 95 123 144 43 143 0 84 146 0 145 
42 67 48 63 0 104 108 0 93 118 145 42 139 0 80 143 0 143 
43 72 48 65 0 104 110 0 93 125 149 47 142 0 80 147 0 141 
46 73 48 67 0 107 113 0 97 124 145 46 144 0 86 146 0 142 
45 72 48 66 0 105 112 0 96 123 145 44 142 0 84 147 0 140 
46 72 47 66 0 105 112 0 97 123 145 44 144 0 85 144 0 143 
44 69 49 66 0 106 112 0 95 125 147 47 144 0 83 145 0 141 
47 71 47 68 0 108 114 0 99 125 144 43 144 0 85 146 0 144 
47 71 47 65 0 108 112 0 98 124 145 44 144 0 86 144 0 145 
44 70 48 66 0 105 111 0 93 126 149 46 142 0 81 145 0 141 
23 89 53 68 0 81 133 0 66 145 173 53 152 13 50 145 0 118 
35 87 59 72 0 99 124 0 88 135 155 61 144 15 64 145 0 119 
33 76 57 60 0 91 107 0 79 120 156 57 129 12 64 139 0 120 
18 80 64 65 0 73 114 0 62 127 171 63 134 23 49 138 0 106 
16 70 70 54 0 73 99 0 60 114 172 68 121 26 47 128 0 105 
18 70 65 58 0 75 105 0 63 121 173 64 126 20 47 130 0 108 
22 74 63 62 0 76 112 0 65 123 167 59 131 17 48 136 0 110 
23 70 61 57 0 77 105 0 65 119 167 58 124 15 50 133 0 113 
24 66 61 55 0 79 97 0 69 112 165 56 125 16 50 131 0 111 
32 78 56 67 0 89 120 0 76 125 157 55 136 13 60 140 0 120 
33 0 152 48 0 116 88 47 34 119 0 60 145 0 112 133 0 146 
36 0 152 47 0 118 87 46 34 118 0 59 145 0 111 133 0 149 
35 0 151 47 0 116 86 45 34 118 0 57 146 0 111 134 0 149 
35 0 157 44 0 121 83 45 36 112 0 60 142 0 112 130 0 149 
37 0 148 53 0 116 92 47 34 125 0 60 151 0 111 136 0 146 
35 0 156 46 0 118 85 48 35 112 0 56 142 0 109 130 0 146 
34 0 153 46 0 117 85 48 35 115 0 59 142 0 109 131 0 147 
32 0 152 47 0 113 86 50 33 117 1 57 143 0 106 132 0 145 
36 0 149 49 0 114 89 50 33 122 3 56 146 0 109 133 0 146 
33 0 153 47 0 113 86 50 33 114 0 55 141 0 107 132 0 146 
33 0 148 48 0 113 86 51 32 114 0 53 144 0 108 133 0 146 
34 0 152 48 0 113 87 49 34 116 0 55 143 0 107 134 0 145 
35 0 152 48 0 116 87 49 34 119 3 58 141 0 106 132 0 146 
33 0 149 45 0 112 87 51 31 117 3 53 141 0 105 132 0 144 
32 0 151 45 0 114 84 50 34 115 2 56 139 0 105 133 0 146 
36 0 150 47 0 115 86 47 35 116 0 58 140 0 107 132 0 147 
36 0 152 46 0 116 85 47 34 114 0 56 140 0 108 131 0 147 
34 0 153 46 0 114 84 49 33 112 0 55 139 0 106 131 0 146 
35 0 152 46 0 116 85 47 34 116 0 56 140 0 107 131 0 146 
35 0 151 46 0 115 87 48 33 115 0 54 141 0 105 133 0 147 
34 0 149 46 0 114 87 49 33 115 1 56 141 0 105 133 0 145 
33 0 152 47 0 115 84 50 34 112 1 55 139 0 106 131 0 146 
34 0 153 44 0 117 84 48 34 114 1 57 139 0 105 131 0 146 
35 0 153 45 0 115 85 48 32 113 0 52 140 0 107 132 0 149 
35 0 153 45 0 116 82 50 34 109 0 57 137 0 107 130 0 147 
36 0 154 46 0 118 84 48 35 112 0 57 139 0 107 131 0 149 
37 0 155 45 0 120 82 46 36 111 0 58 137 0 109 130 0 150 
36 0 150 47 0 115 85 47 33 116 1 55 138 0 107 133 0 149 
35 0 153 45 0 117 82 49 34 112 0 55 138 0 108 130 0 148 
47 34 60 56 0 129 98 16 48 129 0 59 148 0 113 142 0 144 
51 28 62 50 0 135 92 14 51 126 0 63 143 0 114 137 0 146 
50 33 61 55 0 133 97 14 50 127 0 62 146 0 117 140 0 147 
50 31 62 54 0 133 95 15 50 130 0 63 146 0 115 140 0 145 
48 30 61 51 0 129 94 16 46 128 0 62 144 0 112 140 0 146 
48 29 63 49 0 131 94 16 49 129 0 62 145 0 113 138 0 144 
49 31 62 54 0 133 94 15 49 129 0 62 147 0 113 140 0 145 
47 30 64 52 0 131 95 17 48 127 0 61 145 0 112 139 0 143 
46 30 63 51 0 129 95 20 46 126 0 58 144 0 109 140 0 143 
42 31 67 50 0 126 92 23 44 123 3 55 141 0 104 138 0 140 
41 32 67 51 0 123 94 27 42 122 6 52 143 0 101 139 0 137 
43 30 66 49 0 127 93 23 44 122 3 55 141 0 105 137 0 141 
40 32 66 49 0 124 94 26 42 122 6 52 143 0 103 138 0 136 
40 34 66 52 0 120 97 27 41 126 8 53 143 0 102 140 0 137 
41 33 66 51 0 124 95 24 43 125 6 53 144 0 102 140 0 138 
39 32 67 49 0 123 93 27 42 120 6 49 141 0 99 138 0 136 
37 33 68 51 0 122 95 29 42 120 7 51 142 0 99 139 0 134 
40 34 67 54 0 123 98 27 43 121 8 50 141 0 99 140 0 135 
38 33 69 52 0 116 96 32 40 119 12 47 138 0 96 139 0 136 
39 36 64 57 0 118 101 30 40 124 12 47 144 0 98 143 0 136 
39 33 68 53 0 118 97 31 41 118 9 46 142 0 98 141 0 136 
28 5 114 92 0 106 124 39 38 121 0 63 149 0 131 132 0 154 
4 47 86 115 0 103 165 52 41 158 17 50 170 0 129 144 0 132 
22 17 105 93 0 112 135 46 40 122 10 53 140 0 119 144 0 146 
21 20 85 89 0 90 132 51 32 125 13 43 134 0 99 144 0 136 
22 14 105 75 0 102 123 41 36 115 0 60 127 0 132 126 0 143 
45 10 85 106 0 129 141 25 49 137 0 65 147 0 132 152 0 161 
9 16 117 78 0 92 123 62 28 101 15 40 124 0 97 131 0 131 
0 26 124 64 0 79 116 71 28 94 18 46 110 0 105 114 0 120 
0 33 143 76 6 69 123 98 26 96 62 25 110 0 56 127 0 103 
16 24 123 68 0 81 130 69 34 105 41 35 122 0 71 131 0 117 
3 34 115 72 1 65 127 78 29 102 40 28 118 0 71 135 0 113 
6 37 105 76 0 73 128 74 31 103 35 36 113 0 82 130 0 119 
7 31 111 77 0 70 122 73 29 101 37 37 111 0 76 131 0 120 
12 16 102 77 0 81 123 58 30 106 25 37 109 0 82 131 0 136 
43 13 84 103 0 120 137 25 48 136 3 58 132 0 110 151 0 163 
12 4 108 74 0 92 117 52 23 102 14 37 102 0 84 119 0 143 
32 7 120 71 0 113 108 43 39 107 3 57 118 0 107 99 0 155 
66 0 176 4 0 153 33 30 68 40 0 112 39 0 147 76 1 175 
59 0 144 33 0 148 65 16 53 73 0 90 69 0 141 82 0 179 
32 0 118 73 0 113 111 39 37 103 8 51 105 0 95 122 0 154 
70 0 106 83 0 151 110 0 60 124 0 81 111 0 138 123 0 189 
56 0 91 90 0 131 124 9 54 129 0 69 119 0 128 140 0 182 
62 0 101 76 0 141 110 5 53 117 0 75 106 0 134 122 0 186 
71 0 84 102 0 143 129 0 63 138 0 76 124 0 130 147 0 192 
54 4 84 105 0 124 136 15 54 137 0 61 125 0 112 148 0 174 
67 0 110 68 0 138 99 3 57 108 0 80 93 0 136 117 0 192 
67 0 98 86 0 133 116 5 58 123 0 74 107 0 129 129 0 190 
58 0 102 77 0 130 108 13 51 122 0 83 126 0 163 126 0 186 
69 0 95 91 0 141 116 2 59 134 0 86 136 0 162 137 0 191 
29 15 109 71 0 110 115 41 40 113 0 64 119 0 127 121 0 144 
52 4 154 30 0 134 63 42 64 65 0 100 72 0 148 97 1 164 
42 12 88 114 0 114 145 31 45 138 8 47 145 0 101 153 0 156 
18 30 94 94 0 85 139 56 39 121 25 44 124 0 92 145 0 129 
0 45 88 107 0 54 159 81 23 126 48 16 132 0 61 152 0 105 
16 30 88 102 0 82 145 56 36 127 28 38 129 0 88 153 0 133 
12 36 88 104 0 76 149 63 35 129 35 37 131 0 81 152 0 123 
12 33 100 94 0 74 139 68 35 115 35 37 120 0 80 146 0 122 
11 33 101 94 0 75 138 68 34 117 32 43 117 0 93 142 0 123 
11 36 96 97 0 78 137 67 34 116 20 45 127 0 104 144 0 123 
10 38 96 101 0 84 142 65 33 143 4 56 169 0 119 147 0 119 
7 44 91 103 0 75 148 74 35 130 28 42 150 0 95 153 0 117 
9 41 102 97 0 75 141 74 37 120 28 42 138 0 95 148 0 117 
3 41 105 95 0 69 140 77 34 120 32 40 139 0 89 148 0 112 
3 32 112 83 0 72 129 75 29 111 23 41 128 0 95 134 0 115 
9 30 108 87 0 77 132 69 31 118 22 41 132 0 95 140 0 120 
6 35 107 88 0 71 134 71 31 120 26 41 134 0 97 138 0 115 
7 37 105 93 0 79 137 68 33 124 12 51 151 0 106 141 0 116 
10 33 102 93 0 81 135 65 34 131 16 49 148 0 108 142 0 120 
7 30 107 88 0 78 132 66 31 119 17 43 138 0 98 142 0 121 
11 18 152 35 0 93 76 69 35 84 0 78 109 0 141 86 0 124 
25 46 75 65 0 101 104 130 33 151 2 63 149 0 113 131 0 135 
28 43 82 58 0 102 98 131 40 140 10 61 139 0 112 126 0 135 
23 71 139 77 0 97 116 141 45 154 30 54 153 0 99 141 0 124 
13 50 101 48 0 81 89 161 48 116 23 38 129 0 94 116 0 119 
5 57 124 67 0 69 107 172 20 131 27 16 150 0 98 131 0 131 
18 70 67 78 0 61 113 149 42 139 28 46 148 0 100 143 0 126 
30 83 59 94 0 78 129 140 44 161 35 49 166 0 102 160 0 129 
8 84 67 81 9 49 120 171 50 133 48 31 152 2 78 157 0 105 
17 75 68 76 1 61 107 154 48 132 37 40 145 0 86 149 0 115 
17 84 64 82 4 58 117 156 48 137 39 42 151 0 90 151 0 116 
43 51 50 60 0 91 91 121 29 131 0 62 136 0 126 139 0 154 
4 34 77 23 6 60 61 158 44 95 18 40 105 0 91 102 0 114 
16 49 84 48 13 70 79 154 54 99 28 47 113 0 90 114 0 115 
6 34 93 26 21 66 57 162 59 80 27 35 95 0 81 99 0 108 
7 50 85 43 19 58 79 164 55 98 36 34 113 0 80 114 0 106 
21 63 67 70 2 68 98 149 47 128 33 40 138 0 89 138 0 124 
29 72 61 77 0 74 111 143 43 147 37 48 153 0 99 147 0 130 
29 44 47 51 0 89 82 134 24 139 0 45 146 0 107 122 0 136 
36 48 68 47 0 78 78 138 40 126 6 50 133 0 108 116 0 130 
29 41 64 42 0 81 73 138 38 133 0 58 136 0 109 112 0 129 
48 47 60 46 0 95 76 111 36 136 0 86 135 0 130 114 0 145 
27 48 66 71 0 87 104 132 32 139 14 50 152 0 107 129 0 133 
23 38 77 58 0 100 93 113 32 129 16 47 145 0 106 123 0 132 
24 36 83 59 0 98 91 103 27 128 12 52 141 0 100 119 0 129 
20 34 90 58 0 99 95 104 27 135 0 62 138 0 110 115 0 130 
14 31 92 49 0 93 73 113 32 136 0 68 146 0 104 115 0 128 
13 37 89 51 0 91 73 114 33 131 0 61 143 0 105 118 0 125 
19 32 88 53 0 96 80 103 31 138 0 63 144 0 108 120 0 126 
17 33 91 51 0 94 78 109 32 131 0 62 141 0 106 117 0 127 
12 40 89 55 0 84 89 114 31 131 3 53 141 0 98 121 0 120 
13 39 86 58 0 87 88 114 28 137 6 56 144 0 100 122 0 120 
12 34 92 51 0 89 79 112 33 125 1 56 135 0 97 118 0 121 
11 36 95 50 0 87 79 118 34 126 7 55 133 0 94 118 0 116 
8 36 94 50 0 85 78 117 31 122 3 52 133 0 95 118 0 117 
10 34 93 50 0 86 77 112 33 122 0 55 132 0 98 116 0 119 
13 40 92 53 0 89 82 114 33 130 5 59 136 0 100 118 0 119 
14 38 87 56 0 89 83 111 29 131 0 55 138 0 102 121 0 123 
18 31 89 52 0 94 79 107 31 130 0 58 134 0 99 119 0 125 
21 28 87 52 0 97 76 100 31 131 0 65 133 0 106 116 0 132 
18 30 89 51 0 94 76 104 31 130 0 60 132 0 101 116 0 128 
18 31 86 52 0 94 79 105 29 133 0 60 136 0 104 118 0 128 
18 33 87 54 0 93 81 107 30 131 1 58 136 0 101 119 0 126 
13 32 94 48 0 89 74 113 32 125 6 56 130 0 94 116 0 120 
19 35 88 55 0 93 80 109 31 135 4 61 137 0 101 118 0 125 
15 34 92 52 0 92 77 111 34 125 1 57 132 0 98 115 0 122 
16 32 91 51 0 92 77 109 31 127 0 56 132 0 99 117 0 124 
19 36 88 56 0 93 81 108 32 130 2 58 135 0 100 120 0 127 
17 36 87 56 0 92 81 106 30 132 1 56 135 0 100 122 0 126 
17 33 89 53 0 91 78 109 32 129 1 56 133 0 98 117 0 124 
18 34 87 54 0 92 81 109 33 133 3 60 136 0 101 118 0 124 
39 0 100 44 38 54 72 0 94 118 0 112 134 0 138 124 0 152 
39 0 100 44 36 53 72 0 94 117 0 114 134 0 140 124 0 153 
38 0 101 44 38 54 72 0 93 116 0 114 133 0 139 121 0 150 
38 0 100 42 38 52 70 0 92 110 0 110 130 0 135 122 0 151 
38 0 100 43 37 54 72 0 94 113 0 113 133 0 138 123 0 152 
41 0 99 43 35 55 71 0 94 115 0 115 132 0 139 122 0 152 
40 0 98 42 36 54 68 0 95 116 0 118 131 0 139 121 0 151 
37 0 99 42 38 53 71 0 92 115 0 113 133 0 137 121 0 151 
39 0 99 44 36 54 72 0 90 116 0 111 134 0 133 122 0 150 
39 0 99 44 36 54 71 0 93 116 0 114 133 0 136 122 0 151 
39 0 99 43 36 54 72 0 92 116 0 112 132 0 135 121 0 150 
39 0 100 42 39 54 69 0 93 114 0 114 131 0 136 120 0 150 
39 0 99 44 36 53 70 0 94 114 0 116 129 0 136 120 0 151 
40 0 97 43 34 54 72 0 94 115 0 114 133 0 136 120 0 152 
40 0 100 44 36 55 72 0 93 116 0 115 133 0 136 122 0 149 
38 0 101 44 38 52 72 0 91 116 0 113 132 0 135 122 0 151 
40 0 99 41 35 55 70 0 96 117 0 119 130 0 138 121 0 153 
41 0 100 45 36 53 72 0 93 114 0 113 131 0 138 122 0 152 
39 0 97 41 36 53 71 0 91 112 0 113 131 0 135 122 0 152 
39 0 99 43 36 53 72 0 91 113 0 109 131 0 133 122 0 150 
39 0 100 44 37 53 73 0 92 116 0 112 132 0 134 124 0 151 
40 0 101 45 37 55 70 0 94 113 0 114 130 0 137 120 0 150 
27 0 103 39 48 49 66 0 81 105 0 102 126 0 118 117 0 139 
34 0 102 42 42 52 69 0 88 111 0 109 129 0 129 119 0 145 
34 0 102 43 42 50 70 0 87 112 0 108 131 0 129 121 0 147 
35 0 101 44 42 51 70 0 88 110 0 107 131 0 129 122 0 146 
36 0 102 42 40 53 71 0 90 110 0 110 129 0 131 121 0 148 
36 0 100 42 39 52 70 0 89 111 0 108 130 0 130 120 0 147 
37 0 99 44 37 53 72 0 91 113 0 110 132 0 132 123 0 151 
39 0 102 45 37 54 72 0 93 114 0 112 131 0 134 122 0 151 
37 0 102 46 39 52 74 0 90 112 0 107 133 0 132 121 0 148 
37 0 100 43 37 52 71 0 90 115 0 110 131 0 132 120 0 150 
39 0 99 42 37 54 70 0 93 114 0 113 130 0 133 121 0 150 
39 0 101 43 37 54 71 0 90 112 0 110 130 0 133 121 0 150 
37 0 101 44 38 53 71 0 92 112 0 111 131 0 133 121 0 151 
36 0 102 43 39 52 72 0 89 112 0 109 132 0 132 122 0 148 
39 0 101 45 36 53 72 0 91 114 0 110 133 0 131 123 0 150 
37 0 100 44 38 52 71 0 90 116 0 114 131 0 133 121 0 150 
38 0 102 46 37 52 73 0 91 116 0 110 133 0 133 123 0 150 
38 0 100 42 37 52 69 0 92 113 0 112 130 0 133 121 0 151 
37 0 102 50 39 49 77 0 85 119 0 107 134 0 129 128 0 148 
38 0 105 47 38 50 75 0 87 118 0 109 133 0 130 127 0 149 
40 0 104 49 36 51 76 0 89 118 0 108 134 0 132 126 0 151 
39 0 103 51 38 50 77 0 86 120 0 106 136 0 126 127 0 149 
40 0 105 47 36 51 76 0 90 118 0 112 134 0 132 124 0 150 
40 0 105 51 35 51 77 0 88 118 0 108 134 0 131 127 0 151 
39 0 105 47 35 51 73 0 89 116 0 109 132 0 131 126 0 152 
38 0 104 50 38 47 76 0 87 116 0 106 135 0 129 126 0 148 
40 0 105 49 37 50 76 0 89 114 0 105 133 0 130 126 0 150 
40 0 105 48 36 51 74 0 89 117 0 110 132 0 131 126 0 151 
48 38 68 83 57 34 133 0 121 190 0 128 183 0 172 137 0 159 
43 19 81 63 72 39 110 0 91 139 0 86 137 0 110 137 0 152 
34 29 74 63 84 31 105 0 84 143 0 92 139 0 116 130 0 147 
23 47 81 61 99 37 105 0 84 153 0 98 145 0 127 119 0 127 
24 49 75 57 105 39 102 0 72 135 0 81 134 0 96 128 0 128 
22 61 65 65 105 30 120 0 70 149 0 78 154 0 108 139 0 124 
38 86 48 95 94 26 144 0 80 172 2 81 174 2 115 168 0 133 
35 51 62 75 91 31 133 0 72 160 6 65 162 2 82 164 0 129 
24 67 67 79 104 31 129 0 60 154 0 64 158 0 91 144 0 119 
36 46 63 60 82 34 110 0 92 156 0 97 150 0 119 135 0 138 
32 34 73 42 89 39 88 0 90 134 0 99 130 0 115 118 0 136 
32 38 70 46 88 35 96 0 90 142 0 100 136 0 114 128 0 133 
39 51 60 65 84 33 114 0 83 148 0 87 141 0 103 145 0 140 
36 55 57 65 90 31 112 0 78 143 0 84 137 0 97 145 0 137 
34 46 65 60 89 35 108 0 86 154 0 92 147 0 111 134 0 135 
8 55 84 55 124 38 99 2 55 123 0 61 128 0 76 131 0 105 
9 58 89 61 126 42 107 14 46 123 0 45 133 0 56 140 0 100 
10 61 74 66 124 32 114 11 44 131 3 48 136 0 60 147 0 106 
30 55 60 62 96 31 114 0 77 152 0 87 141 0 107 137 0 134 
31 55 59 78 97 29 138 0 66 163 0 60 156 0 75 152 0 129 
38 57 53 72 88 28 127 0 81 159 0 83 148 0 102 150 0 138 
36 56 60 70 93 33 122 0 74 152 0 77 142 0 90 146 0 133 
39 37 68 53 79 39 109 0 91 147 0 87 132 0 95 132 0 136 
38 41 65 54 84 38 103 0 86 143 0 94 130 0 109 129 0 136 
28 41 71 45 100 39 91 0 76 120 0 87 111 0 98 123 0 129 
31 43 69 51 96 37 97 0 78 131 0 88 120 0 101 126 0 131 
40 47 61 61 86 35 114 0 83 148 0 86 142 0 97 151 0 136 
38 54 59 66 89 33 117 0 79 151 0 82 144 0 99 148 0 133 
26 38 92 38 110 54 72 0 82 106 0 95 104 0 102 109 0 121 
0 58 108 52 167 56 80 62 25 59 53 8 100 42 10 141 13 67 
30 40 108 46 100 34 86 0 67 109 0 64 117 0 82 116 0 120 
80 8 93 28 43 76 64 0 131 112 0 130 106 0 132 104 0 161 
16 61 70 63 115 32 105 0 60 138 0 70 140 0 89 132 0 120 
43 10 81 21 78 54 65 0 105 118 0 118 110 0 125 104 0 150 
63 41 62 59 54 42 109 0 112 153 0 118 148 0 133 145 0 153 
41 35 57 52 80 33 99 0 83 139 0 88 140 0 104 146 0 147 
46 57 55 66 76 33 112 0 84 149 0 89 147 0 119 136 0 142 
42 35 60 50 79 35 99 0 78 124 0 82 123 0 98 131 0 146 
64 42 46 63 56 39 118 0 106 151 0 109 142 0 135 141 0 168 
56 51 41 70 69 30 120 0 89 147 0 89 142 0 112 151 0 160 
68 48 47 70 55 37 124 0 101 159 0 102 149 0 117 151 0 163 
24 51 57 55 103 28 102 0 58 125 0 61 131 0 77 141 0 130 
39 45 62 59 89 35 110 0 68 133 0 67 134 0 79 142 0 134 
29 41 75 50 96 41 96 0 65 122 0 69 125 0 81 131 0 125 
30 52 67 55 100 38 100 0 66 128 0 67 125 0 84 131 0 127 
10 37 88 30 120 47 68 3 62 96 0 72 102 0 84 111 0 113 
17 18 87 27 108 45 72 2 56 97 0 63 104 0 71 119 0 124 
37 14 86 22 86 52 67 0 101 120 0 118 109 0 127 102 0 140 
43 15 85 21 81 58 66 0 106 117 0 116 108 0 125 105 0 146 
27 44 70 46 100 40 89 0 84 138 0 99 134 0 126 118 0 134 
12 30 107 52 107 41 112 0 91 161 0 95 149 0 106 123 0 130 
13 21 109 54 100 36 116 0 91 160 0 95 142 0 107 119 0 136 
9 23 111 53 105 36 113 0 83 154 0 88 140 0 101 117 0 128 
11 27 126 57 106 36 111 0 79 148 0 85 133 0 106 122 0 130 
7 30 129 50 112 41 105 0 78 150 0 83 136 0 95 117 0 121 
0 40 140 47 128 43 93 0 72 141 0 73 136 0 84 111 0 108 
3 30 123 42 114 43 93 0 82 144 0 79 141 0 87 111 0 119 
4 22 120 38 107 40 91 0 83 142 0 82 135 0 91 110 0 125 
7 24 118 42 104 40 97 0 86 149 0 86 141 0 94 113 0 129 
24 25 105 82 98 33 128 0 77 154 0 76 147 0 96 129 0 131 
17 27 96 75 100 29 114 0 98 168 0 95 156 0 101 130 0 132 
21 27 93 85 94 28 137 0 95 178 0 96 161 0 101 131 0 135 
19 15 104 68 90 30 113 0 99 153 0 100 138 0 108 120 0 140 
30 10 107 60 77 37 116 0 107 154 0 106 137 0 115 119 0 145 
17 19 99 69 95 28 114 0 92 154 0 93 133 0 110 124 0 136 
26 11 99 68 82 30 115 0 105 153 0 109 123 0 121 120 0 147 
26 12 95 71 81 28 119 0 101 155 0 102 127 0 119 125 0 148 
27 13 96 74 81 30 121 0 102 156 0 104 126 0 121 127 0 150 
30 12 97 73 79 31 124 0 103 159 0 105 130 0 120 125 0 147 
29 14 96 76 80 30 124 0 104 159 0 106 130 0 118 127 0 148 
24 19 93 78 88 26 124 0 94 160 0 102 133 0 114 129 0 142 
25 14 97 75 83 29 123 0 98 160 0 103 131 0 115 127 0 145 
14 25 89 84 98 24 130 0 87 163 0 87 141 0 105 135 0 135 
17 25 97 79 94 29 124 0 91 159 0 94 135 0 107 130 0 133 
10 29 109 70 106 31 118 0 81 154 0 84 131 0 92 128 0 120 
0 47 122 62 132 39 74 0 77 121 0 77 125 0 73 114 0 101 
0 44 131 56 135 43 81 6 59 121 0 64 121 0 68 106 0 100 
0 42 141 46 136 48 46 11 69 92 0 74 98 0 81 93 1 101 
0 30 138 43 119 41 53 0 74 100 0 84 94 0 97 81 0 115 
14 12 137 42 98 43 57 0 85 103 0 91 97 0 102 90 0 131 
4 17 140 34 108 43 47 0 78 91 0 83 89 0 95 87 0 124 
0 21 143 34 118 44 44 5 71 87 0 76 88 0 87 91 0 117 
9 25 137 46 109 45 57 0 77 101 0 84 98 0 97 91 0 121 
2 29 137 46 118 42 57 8 70 98 0 79 96 0 95 95 0 116 
7 16 124 54 100 32 71 0 72 123 0 81 116 0 102 98 0 131 
0 24 124 51 118 33 61 2 62 104 0 69 104 0 90 104 0 121 
6 25 126 55 111 38 69 4 67 109 0 70 111 0 89 110 0 120 
0 32 127 54 119 37 64 4 64 103 0 70 104 0 88 105 0 112 
11 38 103 86 109 33 100 5 59 139 0 66 137 0 90 134 0 121 
20 27 97 84 94 31 98 0 73 137 0 79 135 0 108 133 0 138 
15 13 106 68 92 28 82 0 73 124 0 79 120 0 109 122 0 146 
26 12 104 70 81 31 86 0 83 132 0 91 122 0 117 123 0 150 
22 13 106 71 84 32 89 0 81 130 0 86 121 0 113 124 0 147 
23 12 104 70 80 29 87 0 83 129 0 91 118 0 117 121 0 150 
24 11 103 68 79 30 86 0 82 129 0 91 118 0 117 123 0 152 
25 12 105 68 82 32 86 0 83 128 0 89 118 0 117 122 0 149 
28 10 103 70 78 33 88 0 85 128 0 88 120 0 117 121 0 151 
0 21 120 53 121 23 66 1 47 108 0 51 109 0 72 110 0 115 
4 21 123 50 106 34 64 0 68 103 0 74 98 0 93 103 0 126 
5 23 124 53 107 36 68 2 64 106 0 71 101 0 88 107 0 126 